-2.713160159027193004e+04,-3.104811178469015431e+04
-1.089199172976002010e+05,1.101415470882341033e+05
1.527159686872611746e+04,-2.628354023412481183e+04
-3.019039899086422884e+04,1.262339685355037800e+05
-1.326959245350091078e+05,4.739799919411470182e+04
-3.576157597777367482e+04,1.229048097576822183e+05
-1.570392714848268370e+05,1.324059497293527529e+05
-3.358091984794616292e+04,1.510990497806478525e+05
-9.203871614417445380e+04,3.980180442184513595e+03
-5.293669155619763478e+04,6.060081696068304154e+03
