-1.644141982838489639e+04,2.205552639120989988e+04
-1.287212691926153784e+05,1.768751945925190812e+05
-2.192254848813497665e+04,1.410830985857413179e+04
-7.301159821784589440e+04,6.448253037816026335e+03
-2.108185175420050218e+05,1.517489407181841379e+05
-9.417641300334097468e+04,5.861556033978740015e+04
-2.079340762642322225e+05,1.616888001212136005e+05
-9.463837893764871114e+04,3.809763985668451642e+04
-5.060868336631781858e+04,8.787179507313604699e+04
-6.358676767353196919e+04,8.689074723149044439e+04
