-1.983711064875026568e+04,6.561662509279057849e+04
1.957152968227867386e+05,5.125642574415235140e+04
-4.344731409338953381e+04,2.249851262661373039e+04
1.109308713228787383e+05,1.358020058335796966e+04
6.935096346737279964e+04,5.698499762612150516e+04
9.624848075533249357e+04,5.558576863543104264e+04
3.680933441007921647e+04,3.001106190021697694e+04
1.481976387311996659e+05,4.610493089851146215e+04
-6.539336989501764765e+04,-2.449616636056138304e+04
-5.101297480749101669e+04,3.911874852486856253e+04
