4.234995642466570280e+04,-3.971655507848706475e+04
-1.581088846270175418e+04,-3.343409420956663234e+04
7.560263998804644507e+04,-1.947355358616041485e+02
-6.040012310006577172e+04,5.472686088903182099e+04
2.693097504129008303e+04,-7.226210065682837012e+03
5.942142638223159884e+04,-4.280068234265276988e+04
9.841390472014201805e+03,1.200965043107128295e+05
2.775095995886936362e+04,-1.243756583997352718e+05
-5.488837463163932262e+04,-7.612247392754943576e+04
-6.232211748055418866e+04,5.893753231559632695e+04
