-8.262842306379050569e+03,8.039128596030641347e+02
3.199524280119969626e+04,2.904879411823170085e+04
7.725452858083411229e+03,1.555165695883330045e+04
2.220135780918091768e+04,2.161031158159645565e+04
6.052224996473893407e+04,9.536926587987801759e+04
4.019816718400642276e+04,8.041190950606417027e+04
5.501301793564215768e+04,6.681988488715529093e+04
2.128110545668206760e+04,2.069850778835199162e+04
3.512099219601738150e+04,6.366167945919584599e+04
2.332920834730064962e+04,7.009787675320770359e+04
-7.159093301470282313e+03,-1.141819962708267121e+04
4.932198236073230510e+04,9.311417594501075655e+03
5.092857660593779656e+03,2.128516874635384738e+03
4.776622582007334859e+04,1.848349688793753012e+04
8.337644920843713044e+04,2.232402118913404411e+04
9.103513456896867137e+04,1.244960997605515877e+04
8.321640109770459821e+04,2.291422708885817701e+04
5.329864328642602777e+04,6.577744873064802960e+02
4.874130470494298788e+04,3.239766964861823726e+04
5.408842798892286373e+04,7.912422342258098070e+03
