-6.727430196204385538e+03,3.551557164207477763e+04
1.465230373476186942e+05,4.165048254359977727e+04
-2.971193180843209848e+04,1.313810714243019174e+04
8.733230006417531695e+04,1.540825577923659148e+04
3.761096457171237125e+04,4.221164005378128786e+04
8.653088235046988120e+04,3.936767102673251793e+04
2.230730061684182874e+04,1.219171351297884394e+04
1.074507987852600054e+05,4.114200525786527578e+04
-3.706229423738627520e+04,-2.117919719362879187e+04
-1.687713716003059017e+04,2.656341017910636583e+04
