-2.241441176929869835e+04,-2.308510562361685152e+04
-7.369112727290022303e+04,8.986835884573351359e+04
1.338506086606545250e+04,-1.582474093588528194e+04
-1.709245979085296131e+04,1.000780542970269598e+05
-8.439138091007206822e+04,5.939081586555552349e+04
-1.677164018732858676e+04,1.122815846947777172e+05
-1.040261991297096101e+05,1.160094335188033583e+05
-1.986541352178911256e+04,1.184989142825738818e+05
-6.024878905912649498e+04,1.890055519643732987e+04
-3.387021658032306732e+04,2.206953046035315856e+04
