-1.028203579885101644e+05,3.902131100079425232e+04
-2.267285342287711683e+04,8.151285476394931902e+04
4.120049115022934711e+04,-2.676126618060134933e+04
6.717118098895865842e+04,1.476201447008147079e+04
6.361534312179424887e+03,9.009531558608205523e+04
8.943178773865597032e+04,4.439327524967978388e+04
-1.876085245261503587e+03,8.759008634495399019e+04
6.030868244622749626e+04,4.176065743597161782e+04
-3.808975647038540046e+04,7.074423798637581058e+04
-5.280072714397854725e+04,2.491556278911758272e+04
