2.357047837100637480e+04,4.023623805828638433e+04
1.260535993808922358e+05,1.055531945552120305e+05
1.871275262495708012e+04,-5.279487714510596561e+02
8.362091209436208010e+04,2.904377130598966687e+04
1.611140581278316677e+05,1.291117415297199332e+05
1.219303003403641487e+05,7.104195654647084302e+04
1.707072092547107313e+05,1.262405731722444762e+05
9.873014274458694854e+04,6.829458198778120277e+04
9.806508636566260247e+04,5.948281535338804679e+04
7.769429221290042915e+04,5.160478816599381389e+04
