-1.769722194832549212e+04,-1.512209946254355600e+04
-3.846233724820025964e+04,6.959517060323288024e+04
1.149852486340474206e+04,-5.365941637645766605e+03
-3.994520590841701960e+03,7.392214005855011055e+04
-3.608683728513504320e+04,7.138363253699637426e+04
2.218295603116399434e+03,1.016583596318731870e+05
-5.101312677459236147e+04,9.961291730825396371e+04
-6.149907195632092225e+03,8.589877878449991113e+04
-2.845886197407854343e+04,3.382092995069015160e+04
-1.480374160444849076e+04,3.807897922463801660e+04
