-2.352328367260585219e+04,-9.476462973719293950e+04
5.603974794915024540e+04,-3.407982039946191799e+04
3.094111657440846466e+04,2.898487154333146464e+03
4.003730985130738554e+04,5.033735912773745440e+03
1.490604602107434184e+05,-1.162677235604196612e+05
1.019602546440327715e+05,-5.792315070781694521e+04
1.208325628730413009e+05,-7.376785578595432162e+04
3.510961441599933460e+04,-1.106605049975629663e+04
9.245331287275163049e+04,-7.431908680981685757e+04
8.300329233127528278e+04,-1.039987106421956851e+05
