7.812864245734126598e+04,1.153400563025817828e+05
2.769650505157009466e+05,1.921498779957547667e+05
3.609237589864225447e+04,-1.863676768265268765e+04
1.640032815534835390e+05,3.124514711260118929e+04
3.125310957140175742e+05,2.164156885144475382e+05
2.153431684188473155e+05,9.817349800212909759e+04
3.550963817866172176e+05,2.069836914085286262e+05
2.031967758316176769e+05,1.160642214247755473e+05
1.951526854825418559e+05,7.950263631184960832e+04
1.403687385270622908e+05,7.909123665489365521e+04
