2.141816268520730955e+04,2.481705749596549140e+04
5.295183922154244647e+04,2.901483983827678458e+03
-3.900383982116276457e+03,5.624970646832411148e+03
6.080182524363928678e+04,-1.244081834800606885e+03
9.298702021831119282e+02,1.057437051033716853e+05
-3.877658282655071525e+04,6.739729861412243918e+04
-1.312483601873200314e+03,7.483737248287866532e+04
3.075352763628066168e+04,8.058000868298408750e+04
-2.187201837107052415e+04,-3.023039309753010457e+04
-4.090299353423112916e+04,6.872453591420660086e+04
