-1.555513476638252541e+04,-2.139080175838787545e+04
-2.569694020014982380e+04,2.483180381165650761e+04
3.316639348494705337e+04,1.615134388756843327e+04
-6.350941211364430274e+03,5.969104481596287224e+04
-2.198983997160052240e+03,2.131500153651224537e+04
-9.176798397004902654e+03,3.519196130622480268e+04
-2.879488453941698390e+04,2.130768201090942603e+04
-2.711094637752671042e+04,2.968690879708585271e+04
-1.029165681317333292e+04,-1.010734050796184420e+04
-2.549170405049441979e+04,-1.135582594573214737e+04
