-3.847846286743988458e+03,-4.808453708713987726e+04
1.013022010393301462e+05,-4.990071197669077810e+04
-2.804927931875121430e+03,-3.814090337795835512e+04
1.244608298527506704e+05,9.103052806960771704e+03
1.519390469395316613e+05,-1.968117128830978763e+05
2.435460367238553881e+05,-1.914372886139719340e+05
1.678265505838919489e+05,-1.088027463060331065e+05
1.493512567756579374e+05,-5.946442541583008278e+04
8.960224223171977792e+04,-6.139435978311455983e+04
1.463660869137894479e+05,-1.786439408905907476e+05
