-3.134204158642828697e+05,-4.194516486496373545e+03
8.735502349339539069e+04,2.976404192461241473e+04
4.091154256011139660e+04,1.008279331157676061e+05
6.576476698449141986e+04,6.108073857709075673e+04
-6.173193194532797497e+04,1.202079798259651761e+04
3.981120981433281850e+04,9.957790596800553612e+04
-2.327948532952367168e+04,-3.129664309201475699e+05
6.435659553895583667e+04,-5.333968091176556482e+04
8.056955686766547842e+03,-2.271883316326778004e+04
-3.927700064097349969e+04,2.685813179812967064e+02
