-2.661510098670559819e+04,4.037009625291559496e+04
-2.259975611155314255e+02,3.516733778338980483e+04
1.364523296948436837e+02,-4.701556719344186422e+04
3.886946441375688300e+04,1.045339154368594027e+05
2.122898207575100969e+04,-7.107934398804280499e+04
-4.774971938440400845e+04,4.735620050929608988e+04
2.508545239020208101e+04,-1.263613058918256320e+04
2.296994271879486041e+04,9.592939543245582172e+03
2.161011860145916580e+04,-2.814929279033407220e+05
-9.601918581287961570e+04,9.047019406668365264e+03
