-7.126595517884907895e+04,5.901210508658203617e+04
-1.911773358997433679e+05,4.776729782431474887e+05
1.244307600279216567e+05,9.443558267989920569e+04
-1.916233152357095969e+05,8.510613292509363964e+04
-1.756172716202462616e+05,5.696799185799568659e+05
-1.039880912651213730e+05,-1.309629199703593913e+05
2.547694936508606479e+05,-2.873849930210016319e+05
-6.241741121854622907e+04,1.373000609470916679e+05
6.164631979014211538e+04,-7.759511526083707577e+04
-8.888419754728196131e+04,1.064429610390844755e+04
