3.338935443077729724e+04,6.902762954645563150e+04
5.108349915276626416e+04,2.710757890655188021e+04
4.395362755837161967e+04,6.450170390431817214e+04
1.314861137828075698e+04,1.241107920258749655e+05
6.715968866740782687e+04,1.630587202547540073e+02
2.895951548740416911e+03,1.220852663063338841e+05
9.864044406175762560e+03,1.604578688718323974e+03
5.304146033999764768e+04,4.337587019827670156e+04
-5.597310120132899465e+04,-7.348368476707447553e+04
-4.849751937689234182e+04,-3.651523613778230356e+04
