8.174694799708954815e+04,1.335957125777589099e+05
1.266419969548234949e+05,5.302417191820024163e+04
1.149077123611940478e+05,1.253533429150882585e+05
3.607170031111106073e+04,2.703130155916135991e+05
1.256608689770560450e+05,-2.057106435607804451e+04
1.238566058703729141e+04,2.451954306180010608e+05
3.612655772542519844e+04,6.874694201553669700e+03
1.288333834334611165e+05,7.868253797565572313e+04
-1.254138643047349324e+05,-1.456057705583254574e+05
-1.129415441346529551e+05,-9.131025760129839182e+04
