1.492071378961211394e+03,-1.889304718509043232e+04
1.211923286687849177e+05,1.746070304037324677e+05
1.366030293547227120e+04,6.082608788545883726e+04
1.006663781687322262e+04,1.163995049801651621e+05
1.027645932294988306e+05,1.566384107985018927e+05
4.280402392918327678e+04,5.046078422966102517e+04
1.107454610380374506e+05,1.674704561998691352e+05
3.074425541902229452e+04,1.148662748181345087e+05
5.378593823659906775e+04,1.209575857035477675e+05
5.482497787015973881e+04,2.673385527434361211e+04
