3.502131787520194484e+04,5.749890531855422887e+04
-4.658147748004132882e+04,-9.194420436475271708e+04
-2.784898788056962076e+03,-6.680709224286020617e+04
-8.832065552444844798e+04,-5.939533678057260113e+04
-1.337069788767016435e+05,-2.115226147317980940e+04
-9.509526129324572685e+04,-1.305102128266852742e+04
-1.422118275060737215e+05,-5.503798340840449237e+04
-6.408664884761616850e+04,-8.806984945536681334e+04
-1.145729953795667097e+05,3.203766635420030070e+03
-4.550048512318036956e+04,5.210947620075286250e+04
