7.340040980231092544e+04,2.936296254628766110e+04
-1.886362545751594298e+05,1.419213697335781762e+05
-1.550700788494390727e+05,-1.007073985819377049e+04
-8.117266837536166713e+04,1.043615372620172420e+05
-2.579100765757373883e+05,1.039352275218218529e+04
1.988347966052487318e+05,-3.163383501470024930e+04
-4.340559567385677656e+04,5.580150174493823433e+05
2.417049942251528846e+05,-3.706866899325099075e+05
2.555217368723262916e+05,-1.241339105833192443e+05
1.624452721154377214e+05,-3.337038870557798873e+03
