6.709202447601892345e+03,-3.369605013208870078e+05
-1.330476588190422044e+05,-1.577900613305200932e+04
-1.181665823251773327e+04,5.767614353679501801e+04
-4.896607740761496825e+04,5.429634581587513821e+03
-1.259132179259629447e+04,-1.427011065459004021e+05
8.963989630613295594e+04,3.406038838303633838e+03
-4.679354674167273333e+04,-1.341042066286387853e+05
-1.898004160538338692e+04,-9.248159328030564939e+04
2.428502091312901757e+04,-1.292713425381582492e+05
-3.338222350853194803e+04,7.255687792082110536e+04
