-9.636800326334929559e+04,-1.512345347451223934e+05
-8.509249289646626858e+04,-1.625785330539667048e+05
4.656627619375598442e+03,8.973597974834672641e+03
-3.781470839626459201e+04,-4.045219907269556279e+04
5.962546843264962081e+04,2.498405253802704392e+05
1.324384640324348948e+04,-4.272895889831611566e+04
-3.946219950922707358e+04,2.042621411652862662e+04
-4.619381922856015444e+04,-1.068426362640188454e+05
1.000757964266504860e+05,7.205890075029218860e+04
-8.110705693831721146e+04,-1.639472049088393396e+05
