1.954147870777375283e+04,3.546353474091321550e+04
-2.795051245519388613e+04,-4.324069185259101505e+04
-1.147093567159516169e+03,-4.092085716164010228e+04
-5.271927138698646013e+04,-2.170897792807174847e+04
-8.169664552142311004e+04,1.060542951272086975e+04
-5.924697087014542194e+04,1.573314109389310397e+04
-8.716980930776309106e+04,-1.069736938085284783e+04
-4.250517440264194738e+04,-4.200259923120624444e+04
-6.558277370350503770e+04,1.543777442098871688e+04
-2.769618263470084639e+04,4.058007585551486409e+04
