-6.383474805664822634e+04,3.179623320037783196e+04
-6.432099642623140971e+04,1.428174859151984310e+04
-1.172311734905629964e+04,2.535671980371495010e+04
6.429238023672650161e+04,-6.326232906116080994e+04
2.396760764174020369e+04,9.111364488746139614e+03
-4.342615239427624329e+04,2.967540334179055571e+04
2.335548455154609837e+04,-1.948137045344686703e+04
5.081015151376038557e+04,-3.244481837480537433e+04
-1.462341446641884249e+04,5.192441589080562699e+04
-2.573248342663692165e+04,-1.006084890935659678e+04
