-3.659845647997455671e+04,3.329142806388597819e+04
-2.902594502192856453e+04,-9.651401884992030682e+04
-5.111685520103466843e+04,-9.031232091573043726e+04
2.371172114625756149e+04,-1.687556923945080780e+04
-1.390904635572936095e+05,2.270176126469649316e+05
-7.708819191954920825e+04,2.476266822070181079e+05
-8.074638091344448912e+04,1.005474400635280181e+05
4.732233518296713737e+04,-1.158202605693778896e+05
-1.205252616535960406e+05,1.707257603021241084e+05
-7.088902055925239983e+04,2.402498714348764333e+05
