5.050115704263019143e+04,7.953427589619522041e+04
-6.521244250488885882e+04,-1.406477168769143755e+05
-4.422704008954398887e+03,-9.269332732408031006e+04
-1.239220396619104577e+05,-9.708169563307343924e+04
-1.857173122319802642e+05,-5.290995245908051584e+04
-1.309435517163460609e+05,-4.183518365923015517e+04
-1.972538457043842936e+05,-9.937859743595610780e+04
-8.566812329259037506e+04,-1.341370996795274259e+05
-1.635632170556282799e+05,-9.030241150148636734e+03
-6.330478761165976903e+04,6.363887654599092639e+04
