2.667034009701472314e+04,2.704549153833914897e+04
-6.252173901342334284e+04,-6.539048648753939779e+04
-6.521975463729361945e+04,-3.637562132793902128e+04
-5.924585851490861387e+03,1.952158789973882085e+04
1.654661152641837834e+05,-1.430176282594047952e+05
1.799235559614969534e+05,-7.492982191470671387e+04
7.824604159125161823e+04,-9.676366626909218030e+04
-7.585862338193379401e+04,-1.518985463112055368e+04
1.230411009369352250e+05,-1.052114242818896455e+05
1.698501394600098720e+05,-8.687102377103047911e+04
