7.080789114701263316e+03,-1.713070008805913676e+05
-8.091823815749847563e+04,-9.593421967021928140e+03
-9.930903476718822276e+02,2.969907431261138845e+04
-3.914312982829725661e+04,6.199365797562250009e+03
-5.428070771623419205e+03,-7.300824092126853066e+04
5.752168053807718388e+04,2.529328740252888565e+03
-1.147675937057623742e+04,-7.537654300289548701e+04
1.816100489721866325e+02,-5.423697167563103721e+04
2.719916741595008352e+04,-7.249160992159567832e+04
-2.392875590726497103e+04,3.846276679339174007e+04
