-1.244582268559152144e+05,1.905626065753700823e+04
-8.239299077448889147e+04,-7.017604674456270004e+04
2.414185267859548912e+04,-1.450491595501333722e+04
5.896147155761404429e+04,-7.023971900452685077e+04
-5.869058630696974433e+04,-8.062071325087510922e+04
1.413750984178661565e+04,-6.537042015077408723e+04
-5.204132131352971192e+04,-8.891155107653822051e+04
3.829190416973903484e+04,-4.633091611922415177e+04
-8.035071251858017058e+04,-9.942197645027644467e+04
-7.285278028144323616e+04,-2.685846908118357533e+04
