-7.259811714613193180e+04,3.935597452497699123e+04
-8.036746085617317294e+04,-1.076498389664679271e+05
3.175792959696400430e+04,-1.654658537502720355e+04
4.909009265437718568e+04,-1.241731150246369507e+05
-1.103365587489793834e+05,-1.399399540397200617e+05
-4.193376707312952931e+04,-1.263853260359103297e+05
-8.204324757456596126e+04,-1.473467841679130215e+05
2.497045616504248028e+04,-7.715091223796892154e+04
-9.089339650998736033e+04,-1.648717617697458190e+05
-8.262736273473719484e+04,-4.763542474368108378e+04
