-5.058389876171795549e+02,-7.305548983504053467e+03
1.160252863057462237e+05,9.087704837241907080e+04
4.496155363784800284e+04,8.014780371314330841e+04
-8.142371466191679065e+04,-2.273123241560712922e+05
2.943639406637103093e+04,6.633381191880250117e+04
-7.090397465580198332e+04,-5.509584020666594733e+04
-5.914879020668390876e+04,-9.004651084133217228e+04
-9.434235102487622498e+03,-4.298208262748642301e+04
-3.420002874199232319e+05,-9.108699042984645348e+04
-1.490657565898114626e+04,9.230910283128908486e+04
