2.565678529356559011e+03,6.088592333330986730e+04
7.441614965673108600e+03,-4.128740730446000816e+04
-7.316782255506728688e+03,3.554837671966151902e+03
5.241559713359421949e+03,-1.059003946906510100e+05
-1.399646103159680206e+04,-1.592078127793121712e+04
1.701486417772767163e+04,1.555815139541955796e+04
-1.779240823149844073e+04,1.054056296558103895e+04
1.922263703837688809e+04,1.075142553524792129e+04
4.932200171548013168e+04,-1.072740821705283306e+05
-5.222179500441066921e+03,-5.647341038092939925e+03
