5.463772535151406191e+04,1.841848347988950627e+04
-1.334535047415303998e+05,9.653785842527926434e+04
-1.082703649102655472e+05,-6.995072317659885812e+03
-5.866695941173427127e+04,6.848406873026600806e+04
-1.901694466620241292e+05,1.176738663796808214e+04
1.458535432164415543e+05,-2.407650031684356145e+04
-2.973777920145891403e+04,4.253433449662548373e+05
1.740302858393796487e+05,-2.380150174493824015e+05
1.881836195560211490e+05,-8.414535634742715047e+04
1.184811857988689444e+05,6.507451604916695942e+02
