-4.817750810794212157e+04,-9.300580484866866027e+04
-3.855482199271488935e+04,-9.872591089337166341e+04
6.046405064295302509e+03,3.014384775919466847e+03
-2.134333632078257142e+04,-2.553359794919692649e+04
3.171388103793688060e+04,1.582773962546668190e+05
7.542555287678462264e+03,-3.072686575182993693e+04
-1.543193156770769383e+04,1.201094775274705535e+04
-2.162282667668366048e+04,-6.767253753322362900e+04
4.975279437786656490e+04,4.361475051342494407e+04
-3.466423698725311988e+04,-1.040660699604446854e+05
