-4.113749923071303056e+04,1.139307030969965854e+05
3.005839381917796563e+05,-1.602888085545797076e+05
1.178372293707343342e+05,-8.814585340780357365e+04
2.328835416059740237e+05,-1.171355140626297944e+05
2.886687092845282750e+05,-9.959358460450510029e+04
1.750986779750149290e+05,-5.096491038647618552e+04
3.468965770961086964e+05,-1.484816205557091162e+05
2.590680818560696207e+05,-1.101561396330111456e+05
2.252175493650943681e+05,-9.273143821380395093e+04
6.747600520518208214e+04,3.593628882760629494e+03
