-2.529780932521760114e+05,5.965568839241698151e+04
-1.554664341186313541e+05,-1.451236311883730814e+05
4.779299370345303760e+04,-1.858825479504102987e+04
1.350408303647525609e+05,-1.781065110447470215e+05
-8.769486044779494114e+04,-1.992591948285649996e+05
5.167370013061833743e+04,-1.874002319210465357e+05
-7.195485151760690496e+04,-2.057820172592878807e+05
9.750750829714580323e+04,-1.079709083567136840e+05
-1.441088730097169173e+05,-2.303215470892152516e+05
-1.358136804166650691e+05,-6.841238040617859224e+04
