-1.461827957638927546e+04,-1.471573342953616811e+05
1.382033739002704388e+05,5.365034703547423851e+04
7.712324530620526275e+03,8.849191131783853052e+03
7.254957017682759033e+04,1.073431991822564451e+05
1.692036256268519210e+05,3.692259496885551489e+05
1.728332092496136611e+05,3.002455980042716837e+05
2.137719924466059019e+05,2.828052956053416128e+05
1.257137708372215129e+05,1.632066598879791563e+05
7.135309334083045542e+04,1.732762471991432249e+05
4.643998064118393086e+04,2.255286493127806170e+05
