-2.118631133750782465e+04,2.004925213014346809e+04
-2.135190036626992514e+04,-2.852945917692632793e+04
-2.397560912955381355e+04,-4.012718835885680164e+04
1.846309740799261272e+04,5.026397536469121405e+03
-4.701551488895204966e+04,1.039146178814026935e+05
-1.678607365832497453e+04,1.122204297159758571e+05
-2.770495033350372978e+04,5.594464311897518928e+04
2.355809514462625521e+04,-3.589698619448970567e+04
-4.983333804530604539e+04,7.535644157174628344e+04
-2.117290003841132057e+04,9.945040748514335428e+04
