8.738801431862500613e+04,-9.027769656531020883e+04
-2.414771924780258996e+04,-7.878664037817809731e+04
1.058789919868333964e+05,1.208753986530839029e+03
-5.940863154725873028e+04,-8.932129868006022298e+04
-6.162457179030384577e+04,1.017386090411618898e+04
-1.168769696729604620e+05,-1.952827374688589771e+04
1.437137804623994634e+04,-6.740674215736812039e+04
-6.308980021231636783e+03,-1.144128513713216526e+05
-1.277231020475360128e+04,1.065856532526316732e+05
-1.098647979949028468e+03,-9.080325494058718323e+04
