7.806518162578948250e+03,-4.744833417305058902e+03
-6.014303600047748660e+03,-5.058695168176016887e+04
-1.030677273002695620e+04,-3.656793533235230279e+04
-1.858014267170272433e+03,-4.501207408932713588e+04
2.274799033625315860e+04,-3.657856595294120780e+04
3.738718380619903473e+04,8.068275877947009576e+03
1.835430169154088435e+04,-3.931835129712505295e+04
1.965409504099003607e+04,-3.991708632686828059e+04
-2.236685342669878810e+04,-5.481098729704493599e+04
1.596110152187886888e+04,-1.474210725014180753e+04
