-1.208863758127351466e+05,-3.492742643583090103e+04
7.673982767516456079e+04,-1.798969365610509340e+04
6.603122010329883778e+04,3.490598711551004817e+04
-1.565927231727997132e+05,-3.950915170249171933e+04
-2.927433652022325259e+04,-2.520056372066484982e+03
8.690343404152762378e+04,1.012016835731529136e+04
-1.491917552604802404e+04,-3.112743919203002952e+04
-1.831113119551963755e+05,-8.199467375511718274e+03
4.115097649070525949e+04,2.163910601672052962e+03
2.702940842313117901e+04,1.438207501378288725e+04
