1.043102815458495752e+04,1.035952973622525897e+05
-4.556596775214093213e+03,-7.044189571427459305e+04
-1.025069937710631348e+04,1.060722932719535311e+04
-2.129038185068661915e+04,-1.774557002658566344e+05
-1.998967715920821502e+04,-2.283087996626247332e+04
3.920325187120316696e+04,3.826525136645585007e+04
-2.725682779470207606e+04,2.247720270530102425e+04
3.271465409447491766e+04,2.382130124379177869e+04
5.143606005937421287e+04,-1.816773229040875740e+05
5.496317175995208117e+02,-1.014964325462872512e+04
