2.576383556956261600e+04,3.196956097928505187e+04
-5.057664253032932902e+04,1.457210129094256554e+05
3.034006505575224946e+04,2.384255871019639744e+04
-3.561072506220375362e+04,5.435614559771191853e+04
5.914276468453863345e+04,-1.476839982112575381e+05
1.722935056970113510e+04,-1.565895575309977285e+05
2.009161052688834025e+04,-1.664742196960687579e+04
-3.123658691767468554e+04,1.324911543286245724e+05
-3.794316883727042296e+02,-1.017558026018624369e+05
5.623877695966646570e+04,-1.811336103586287063e+05
