-8.762705865815951256e+04,4.785341192440762097e+04
-9.683565737008002179e+04,1.241725386629237619e+04
-1.633860374071724073e+04,5.800824671135695826e+04
9.551428642593928089e+04,-1.008156865707771503e+05
3.648763600100886106e+04,3.633498136084053840e+03
-6.278221699058861122e+04,2.007246672932351794e+04
3.047472404792883754e+04,-4.824346229704435245e+04
6.807590644853191043e+04,-5.518120555548553966e+04
-1.064226503815495744e+04,7.511019866898775217e+04
-3.902262420647788531e+04,-5.547206961469728412e+02
