4.742397477673667017e+05,7.747017859285631857e+04
-1.041744673265247548e+05,2.670004488718159846e+05
3.706159658240182034e+04,5.949862841732739616e+04
-3.812610951581787958e+03,1.032375871329267538e+05
-6.010379642400302691e+04,2.356826292704015214e+05
4.944081779598724825e+04,-3.132524724081753084e+04
3.273467081242497443e+04,-1.628557390067739179e+05
-6.333310793598649616e+04,6.612294196699302120e+04
2.265174246377093368e+03,-4.589268938698090642e+04
9.818408736638820847e+04,1.482516572509505204e+04
