4.343901226823634715e+03,-2.828165931521282182e+05
2.620309689609606867e+05,6.595678242782989400e+04
8.797266152375392267e+04,7.405163206449632708e+04
6.985300469964445801e+04,1.640443782299243903e+05
3.670456620075594401e+05,1.947173741591777361e+05
1.877290612148902437e+05,2.685188828456242918e+05
3.348150477879863465e+05,1.845964874677492480e+05
8.098273223826852336e+04,2.059492906269886589e+05
2.686754581407485530e+05,1.874561441251750512e+04
1.252346091957669705e+05,-1.197237028327513690e+04
4.343901226823634715e+03,-2.828165931521282182e+05
2.620309689609606867e+05,6.595678242782989400e+04
8.797266152375392267e+04,7.405163206449632708e+04
6.985300469964445801e+04,1.640443782299243903e+05
3.670456620075594401e+05,1.947173741591777361e+05
1.877290612148902437e+05,2.685188828456242918e+05
3.348150477879863465e+05,1.845964874677492480e+05
8.098273223826852336e+04,2.059492906269886589e+05
2.686754581407485530e+05,1.874561441251750512e+04
1.252346091957669705e+05,-1.197237028327513690e+04
