2.004925213014346809e+04,6.782626386032350638e+03
-2.852945917692632793e+04,-4.145268226299001253e+04
-4.012718835885680164e+04,-2.339030371087620733e+04
5.026397536469121405e+03,1.768018671929949414e+04
1.039146178814026935e+05,-7.199783440709306160e+04
1.122204297159758571e+05,-3.078241822120976940e+04
5.594464311897518928e+04,-4.897395065631273610e+04
-3.589698619448970567e+04,-1.756939752832378872e+03
7.535644157174628344e+04,-5.984940026152534847e+04
9.945040748514335428e+04,-4.159293177451062365e+04
