-1.681432697697502590e+04,1.492071378961211394e+03
-9.961368596370176238e+04,1.211923286687849177e+05
-1.550545509581416081e+04,1.366030293547227120e+04
-5.049686049596841622e+04,1.006663781687322262e+04
-1.550750922231384902e+05,1.027645932294988306e+05
-6.659390092018034193e+04,4.280402392918327678e+04
-1.529124896956531447e+05,1.107454610380374506e+05
-6.885659717017701769e+04,3.074425541902229452e+04
-4.283809950392629253e+04,5.378593823659906775e+04
-4.895886847881659924e+04,5.482497787015973881e+04
