-1.848350364682217187e+05,-5.124064807760708936e+04
1.219958504211095278e+05,-2.737771304839750155e+04
1.174764030316697754e+05,4.985553560564556392e+04
-2.547471474610035075e+05,-7.048853010405022360e+04
-4.517716129961861589e+04,-9.207301734467175265e+03
1.405452333213117381e+05,2.349571914898419709e+04
-2.970876879302146335e+04,-5.101705482435931481e+04
-2.936704451439637924e+05,-1.354921970874096041e+04
7.105345473534816119e+04,5.604807484289800414e+03
4.060204850566470122e+04,1.183205034714064459e+04
