-2.487836971237083199e+05,-6.755386971938330680e+04
1.672518731670544948e+05,-3.676573244068991335e+04
1.689215859600406839e+05,6.480508409578110150e+04
-3.529015717492073309e+05,-1.014679085056087642e+05
-6.107998607901397918e+04,-1.589454709686784190e+04
1.941870326010958815e+05,3.687126994065313193e+04
-4.449836205999490630e+04,-7.090667045668861829e+04
-4.042295783327310928e+05,-1.889897204197023166e+04
1.009559329799910483e+05,9.045704366907521035e+03
5.417468858819820161e+04,9.282025680498398287e+03
