-2.571546190654897146e+04,3.714793222573020466e+04
1.205968663732562709e+05,-7.523110586663155118e+04
5.160875451538116613e+04,-3.769078215926750272e+04
1.010644549521553854e+05,-4.991605334382109868e+04
1.116588870121074287e+05,-4.739884317618849309e+04
6.450023281877008412e+04,-1.989197963925063959e+04
1.337948197171204956e+05,-6.981141884201200446e+04
1.041960734070604085e+05,-4.705932654465665109e+04
8.982001026508949872e+04,-5.355860682513937354e+04
1.967593842296555522e+04,-2.856465984870501416e+03
