-4.248434887783370868e+03,-2.992272336037811328e+03
6.533919375604142260e+04,5.648484948124086804e+04
2.628765714962246420e+04,4.575010927019563678e+04
-4.971913215820874757e+04,-1.368844404223503661e+05
2.095155563241613709e+04,3.720969833930942696e+04
-4.502804782920897560e+04,-2.997458100919394928e+04
-3.385637360554758925e+04,-5.771758627152504050e+04
-3.885594641671541467e+03,-2.598624262908352102e+04
-1.746668582799488213e+05,-5.644609672026886255e+04
-1.460341033167671958e+04,5.943416411558521213e+04
