-1.114193692596707551e+05,6.391059064843734086e+04
-1.293503183139286120e+05,1.055275914106489290e+04
-2.095409013237822728e+04,9.065977361899895186e+04
1.267361926151520020e+05,-1.383690440803933889e+05
4.900766436027752206e+04,-1.844368216578015563e+03
-8.213828158690103737e+04,1.046953011685647289e+04
3.759396354431159853e+04,-7.700555414064181969e+04
8.534166138330340618e+04,-7.791759273616576684e+04
-6.661115609891072381e+03,9.829598144716987736e+04
-5.231276498631887080e+04,8.951407517062609259e+03
