-1.718723412556509720e+04,-1.907138363328748164e+04
-7.050610273478811723e+04,6.550946274505072506e+04
-9.088361703493350433e+03,1.321229601237041788e+04
-2.798212277409095259e+04,1.368502259593040981e+04
-9.933166690427194408e+04,5.378024574081350147e+04
-3.901138883701966552e+04,2.699248751857909883e+04
-9.789090312707409612e+04,5.980212195486127166e+04
-4.307481540270527330e+04,2.339087098136007626e+04
-3.506751564153482468e+04,1.970008140006212852e+04
-3.433096928410125838e+04,2.275920850882905506e+04
