3.587504090071728569e+04,7.474004413491371452e+03
-7.827075490790128242e+04,5.115434711698040337e+04
-6.147065097109197086e+04,-3.919404777125991131e+03
-3.616125044810684631e+04,3.260660019851466132e+04
-1.224288167483109137e+05,1.314125052375394625e+04
9.287228982763439126e+04,-1.651916561898684449e+04
-1.606996272906103331e+04,2.926716724831273896e+05
1.063555774536064710e+05,-1.053433449662549101e+05
1.208455022397159773e+05,-4.415680211153506389e+04
7.451709948230019654e+04,4.638529191541121691e+03
