-3.342648056863098464e+04,7.553931766136339866e+04
2.105904022825179854e+05,-1.177599572106056294e+05
8.472299194305774290e+04,-6.291831778353553818e+04
1.669739982790647482e+05,-8.352578370322543196e+04
2.001637981483179610e+05,-7.349621389034682943e+04
1.197994553968925320e+05,-3.542844501286344166e+04
2.403456984066145960e+05,-1.091465196988605021e+05
1.816320776315650437e+05,-7.860773308883389109e+04
1.575187798150919261e+05,-7.314502251947164768e+04
4.357597181407383323e+04,3.685814489450531255e+02
