-4.529662801649437461e+04,-6.661098372594681859e+04
1.694404680845440816e+04,-1.305345798309428210e+05
-4.643112910341106908e+04,-2.405519484605247271e+02
-1.856540077224908600e+02,1.293351154008480080e+05
4.606673632197298139e+04,-4.951888215619856783e+04
9.113428196121594738e+03,5.496630231665014435e+03
6.958300564120642957e+04,5.134037513398459851e+04
9.283661802653589984e+04,9.001683686595184554e+04
3.850048264230506902e+04,-1.453364806796748599e+05
-4.084948983220419905e+04,9.425259577402802825e+04
