-2.671625519880856882e+04,-2.787556834832096501e+04
5.836426890725255362e+03,-7.920973007663586759e+04
-3.662286737237860507e+04,-4.959301491041685949e+03
2.990141776014206698e+02,7.448322530441908748e+04
4.001623336664037197e+04,-2.111936665494470071e+04
1.361444943508464530e+04,6.442369929314076217e+03
4.887847522902089986e+04,2.613441416113626110e+04
6.947870684287163022e+04,5.906582072161062388e+04
2.740629950460281179e+04,-8.790922616275337350e+04
-2.829739430696646377e+04,5.864421148013631318e+04
