-1.445584984187564696e+05,-2.094632646415762138e+05
-1.316301638002176478e+05,-2.264311552145618480e+05
3.266850174455888919e+03,1.493281117374989844e+04
-5.428608047174660896e+04,-5.537080019619427912e+04
8.753705582736239012e+04,3.414036545058740885e+05
1.894513751880848577e+04,-5.473105204480235261e+04
-6.349246745074645150e+04,2.884148048031017242e+04
-7.076481178043664841e+04,-1.460127349948140327e+05
1.503987984754344216e+05,1.005030509871595277e+05
-1.275498768893812521e+05,-2.238283398572339211e+05
