-1.392458690790619585e+05,6.989794641597164446e+04
-6.581839845885385876e+04,7.430052998247758660e+04
2.585979359695190215e+04,4.149430783000106749e+04
3.037008817571680993e+04,3.683616602794783103e+04
-1.991859336399385211e+04,1.460242910445731832e+05
2.479373062926794955e+04,1.262109501866244391e+05
-5.424122132036223775e+04,1.072486935229734954e+05
1.477979237390917478e+04,1.187774335756800065e+04
-4.909250388161417504e+04,1.292357428191809740e+05
-4.326823964185505611e+04,1.123671258225648635e+05
