3.983391677736911515e+04,-2.990844278785475763e+04
-1.617361054121424240e+04,-2.502112092023824880e+04
5.229586391860606818e+04,1.202708469128226352e+04
-2.650452270257287091e+04,-4.169904966161228367e+04
-1.707863327212557488e+04,-3.082080137761271544e+03
-4.729171507114573615e+04,-1.308776996208523087e+04
1.025068411732717868e+04,-2.046230825565127088e+04
-7.291157105351092468e+03,-5.105394110294149141e+04
-1.579652546159523627e+04,3.452356816419703682e+04
-9.075714775021449896e+03,-2.735226919431005444e+04
