-9.662212549633663730e+04,3.535092963778733247e+04
-4.720953584219686309e+04,5.167466205035463645e+04
1.422762602385998616e+04,2.852298239441717669e+04
1.860386503979769623e+04,2.922323880477213970e+04
-1.551649392216992783e+04,1.206967784622256295e+05
1.940736810594443159e+04,1.033114298463442974e+05
-3.817321592515794327e+04,8.703428920506437134e+04
7.660358725220695305e+03,1.628812557295999432e+04
-3.817662701806909172e+04,9.644871113918838091e+04
-3.200652679761745821e+04,9.123250128788627626e+04
