2.221065273297646781e+05,-2.096155935289815534e+04
-3.417653735427234787e+05,-3.673734853293057531e+05
-1.718225256586169126e+05,-2.076557841983341787e+05
-2.057698771534742555e+05,-3.209654987280093483e+05
-2.602747521362977859e+05,-5.515888459413556848e+05
-1.844588389952036378e+05,-5.151194184902096167e+05
-3.073508978091180907e+05,-5.640853443826803705e+05
-2.659971977822007029e+05,-3.538634032849358045e+05
-1.840541759085421218e+05,-3.865217618288190570e+05
1.194122239971102681e+04,-2.693620311591388308e+05
1.077789906848066021e+05,9.324942570058439742e+03
-1.989251675788460416e+05,-2.201488135587113211e+05
-9.861986519117691205e+04,-1.246057535222224251e+05
-1.106323179363916424e+05,-2.016982771426902909e+05
-1.365956924471067905e+05,-3.190511336127127288e+05
-8.488559353971711244e+04,-3.013426289312649169e+05
-1.680878713349962491e+05,-3.403073317474624491e+05
-1.380476689127458667e+05,-2.319496877374345495e+05
-1.177030030713564629e+05,-2.146025936128190369e+05
4.835037854280144529e+03,-1.421189788319042709e+05
