-4.577212943627655477e+04,-5.592237849368020397e+04
-4.269665066084277350e+04,-2.642380427449625568e+05
-4.240677396895061975e+03,-2.087078856587771588e+04
4.998257346031687484e+04,-1.174019918490004784e+05
2.418532225424036005e+04,-3.411058647584961727e+05
2.219807853008378152e+04,-2.277857761533734156e+05
4.460918887928627373e+04,-3.379100684293893282e+05
1.882379426790288926e+04,-1.757694211137860548e+05
-8.476752188894631399e+04,-2.066703365264593158e+05
-2.882615032153423817e+04,-1.869891363353892812e+05
-4.577212943627655477e+04,-5.592237849368020397e+04
-4.269665066084277350e+04,-2.642380427449625568e+05
-4.240677396895061975e+03,-2.087078856587771588e+04
4.998257346031687484e+04,-1.174019918490004784e+05
2.418532225424036005e+04,-3.411058647584961727e+05
2.219807853008378152e+04,-2.277857761533734156e+05
4.460918887928627373e+04,-3.379100684293893282e+05
1.882379426790288926e+04,-1.757694211137860548e+05
-8.476752188894631399e+04,-2.066703365264593158e+05
-2.882615032153423817e+04,-1.869891363353892812e+05
