-1.309709192030298436e+04,7.922288898603008420e+04
-1.121699232299372379e+05,-1.458482835762337199e+05
-5.083440944747377216e+04,-8.311144569222135760e+04
-3.098951743861805517e+04,-1.648621111147424672e+05
-2.583326551583155742e+04,-1.730268425681395456e+05
2.937530383153881121e+04,-1.751316787446404633e+05
-5.764968972174881492e+04,-2.330586382244889392e+05
-2.019628008658210456e+04,-2.200719443798665598e+05
-1.027036604683416081e+05,-8.536685079363807745e+04
-4.542293382301475503e+03,-2.975185300933940380e+04
-1.309709192030298436e+04,7.922288898603008420e+04
-1.121699232299372379e+05,-1.458482835762337199e+05
-5.083440944747377216e+04,-8.311144569222135760e+04
-3.098951743861805517e+04,-1.648621111147424672e+05
-2.583326551583155742e+04,-1.730268425681395456e+05
2.937530383153881121e+04,-1.751316787446404633e+05
-5.764968972174881492e+04,-2.330586382244889392e+05
-2.019628008658210456e+04,-2.200719443798665598e+05
-1.027036604683416081e+05,-8.536685079363807745e+04
-4.542293382301475503e+03,-2.975185300933940380e+04
