-7.300209538123846869e+04,1.989330254116079304e+05
-3.260759449522248469e+05,-4.623138465452737873e+05
-9.433367761909651745e+04,-1.053578149133129045e+05
5.120855490830857889e+03,-3.401473660034250934e+05
-3.307676786261989037e+05,-7.063761712969220243e+05
-1.544319434197645751e+05,-6.101975470756844152e+05
-2.679012644690569723e+05,-6.914615901118332986e+05
-5.274704083641419129e+04,-4.696034222976677120e+05
-3.958267409741680603e+05,-3.287511192022064934e+05
-1.684738346780683205e+05,-2.685113342198088067e+05
-4.794408004968837486e+04,8.548591808238389785e+04
-1.737121351413231168e+05,-2.972164339588775183e+05
-4.822700815877201967e+04,-5.789660459812587942e+04
1.505607111049464584e+04,-1.994241809639626881e+05
-1.593375087495393527e+05,-4.384645518380850554e+05
-7.166645207736134762e+04,-3.620452175761855906e+05
-1.227983350147068995e+05,-4.302083121632639668e+05
-2.166757185123137242e+04,-2.787440664272803697e+05
-2.191052509593205759e+05,-2.160431437327180756e+05
-9.144345491941772343e+04,-1.810029511937517091e+05
