-2.417521652102191583e+05,1.397958928319432889e+05
1.735104886978176073e+05,1.486010599649551732e+05
9.557091148740626522e+04,8.298861566000213497e+04
1.592856009955471673e+05,7.367233205589566205e+04
2.215248538625504589e+05,2.920485820891463663e+05
2.285217947425118473e+05,2.524219003732488782e+05
2.208763632264948683e+05,2.144973870459469908e+05
2.357027776523275243e+05,2.375548671513600129e+04
2.999868520602970966e+04,2.584714856383619481e+05
-1.875466247316324007e+04,2.247342516451297270e+05
-2.417521652102191583e+05,1.397958928319432889e+05
1.735104886978176073e+05,1.486010599649551732e+05
9.557091148740626522e+04,8.298861566000213497e+04
1.592856009955471673e+05,7.367233205589566205e+04
2.215248538625504589e+05,2.920485820891463663e+05
2.285217947425118473e+05,2.524219003732488782e+05
2.208763632264948683e+05,2.144973870459469908e+05
2.357027776523275243e+05,2.375548671513600129e+04
2.999868520602970966e+04,2.584714856383619481e+05
-1.875466247316324007e+04,2.247342516451297270e+05
