-9.903190583305491600e+03,-7.172484920090829837e+04
1.679509229595950455e+05,-6.032667090592034219e+04
-3.446654687709669815e+02,-4.943552658752088610e+04
1.977919236837164208e+05,2.445973500123937265e+04
2.581696953916670464e+05,-2.475329363847078639e+05
3.854181386777863372e+05,-2.469499781679257285e+05
2.792463348436590168e+05,-1.297941770154721162e+05
2.346674378918278962e+05,-7.884738422956908471e+04
1.519638594455883722e+05,-6.026069994507395313e+04
2.312137345443345257e+05,-2.329169729592822841e+05
-9.903190583305491600e+03,-7.172484920090829837e+04
1.679509229595950455e+05,-6.032667090592034219e+04
-3.446654687709669815e+02,-4.943552658752088610e+04
1.977919236837164208e+05,2.445973500123937265e+04
2.581696953916670464e+05,-2.475329363847078639e+05
3.854181386777863372e+05,-2.469499781679257285e+05
2.792463348436590168e+05,-1.297941770154721162e+05
2.346674378918278962e+05,-7.884738422956908471e+04
1.519638594455883722e+05,-6.026069994507395313e+04
2.312137345443345257e+05,-2.329169729592822841e+05
