2.171950613411817358e+03,-1.414082965760641091e+05
1.310154844804803433e+05,3.297839121391494700e+04
4.398633076187696133e+04,3.702581603224816354e+04
3.492650234982222901e+04,8.202218911496219516e+04
1.835228310037797200e+05,9.735868707958886807e+04
9.386453060744512186e+04,1.342594414228121459e+05
1.674075238939931733e+05,9.229824373387462401e+04
4.049136611913426168e+04,1.029746453134943295e+05
1.343377290703742765e+05,9.372807206258752558e+03
6.261730459788348526e+04,-5.986185141637568449e+03
