-6.055344296561514057e+03,-2.364031211376841020e+04
6.664872192026491393e+04,-1.042595892922954772e+04
2.460262463104148082e+03,-1.129462320956252915e+04
7.333109383096577949e+04,1.535668219427860822e+04
1.062306484521353268e+05,-5.072122350160994392e+04
1.418721019539309200e+05,-5.551268955395385274e+04
1.114197842597670533e+05,-2.099143070943894054e+04
8.531618111616998794e+04,-1.938295881373903103e+04
6.236161721386858699e+04,1.133659838040630348e+03
8.484764763054506329e+04,-5.427303206869152200e+04
