-1.208760826051095792e+05,6.989794641597164446e+04
8.675524434890880366e+04,7.430052998247758660e+04
4.778545574370313261e+04,4.149430783000106749e+04
7.964280049777358363e+04,3.683616602794783103e+04
1.107624269312752294e+05,1.460242910445731832e+05
1.142608973712559236e+05,1.262109501866244391e+05
1.104381816132474341e+05,1.072486935229734954e+05
1.178513888261637621e+05,1.187774335756800065e+04
1.499934260301485483e+04,1.292357428191809740e+05
-9.377331236581620033e+03,1.123671258225648635e+05
