-6.548545960151492181e+03,3.961144449301504210e+04
-5.608496161496861896e+04,-7.292414178811685997e+04
-2.541720472373688608e+04,-4.155572284611067880e+04
-1.549475871930902758e+04,-8.243105555737123359e+04
-1.291663275791577871e+04,-8.651342128406977281e+04
1.468765191576940560e+04,-8.756583937232023163e+04
-2.882484486087440746e+04,-1.165293191122444696e+05
-1.009814004329105228e+04,-1.100359721899332799e+05
-5.135183023417080403e+04,-4.268342539681903872e+04
-2.271146691150737752e+03,-1.487592650466970190e+04
