1.113211048196549818e+05,9.087529494277508638e+04
-1.200668355508474924e+05,-3.314865441994413850e+05
-4.132625159631483257e+04,-1.437093478808087239e+05
-4.343436922165715805e+04,-2.983966901664821780e+05
-6.043997773660025268e+04,-2.773185491066016257e+05
-5.519878635362695786e+04,-2.298140200056416506e+05
-1.272160022234198696e+05,-3.753808266696811188e+05
-1.440328182495379006e+05,-3.700748380312219961e+05
1.317393202003894839e+05,-1.980204350029518537e+05
2.782611736058024690e+04,-3.184666022785583482e+04
