-3.045445846483599325e+03,-9.770333924483771261e+04
8.150536364084000525e+04,2.188858994187556164e+03
2.585589180998018128e+04,1.981063724150812413e+04
2.856393007950151878e+04,4.442991550942038884e+04
1.220225404842593998e+05,4.312214629962143226e+04
6.703134889572579414e+04,7.414022350271651521e+04
1.112102709148176800e+05,3.509651660196046578e+04
3.088623578790812462e+04,5.175778519501327537e+04
8.472936063319584355e+04,-8.943971474132631556e+03
4.297325647259206744e+04,-1.336549954750873076e+04
