2.109251882640116964e+05,1.655915342324138328e+05
4.574041915658563084e+04,9.267530261716194218e+04
2.737949443322713487e+05,1.351986021324684552e+05
1.040888583738864108e+05,1.095017182062923675e+05
2.711757887153676129e+05,1.614274700785009773e+05
3.624007819037919398e+04,-2.046175974049259676e+05
5.004697335780152353e+05,4.259454340238688019e+04
-9.310090654254476249e+04,-1.396651607873133617e+05
-3.507046003670230857e+05,-1.479965458133055363e+05
2.154829359338706709e+05,1.022079042661575950e+05
