8.281491407782217721e+04,-5.750441358170895837e+05
1.372788958260340223e+04,-2.116902301942611521e+05
7.651257479254723876e+04,-2.554936177450896939e+05
1.319162824730159628e+04,-7.832736405504346476e+04
2.660984033220487618e+04,-1.170488635609910998e+05
-2.749525450708946300e+04,-1.365887997019262402e+05
7.580535504081565887e+04,-3.694145815865344048e+04
3.172397574473535497e+04,2.137950318426355807e+04
-2.232784132343167948e+04,-2.015893420233938959e+05
5.867813780389806197e+04,-2.014135367360660166e+05
