1.461289663638037164e+05,9.225645642854060861e+04
1.188158983772328356e+05,3.656070186469519103e+04
-7.446101503033623158e+04,2.260577355946847092e+04
-1.290723074998963566e+05,-7.996772212465072516e+04
6.277543618430734932e+04,-3.374419028599040757e+02
-2.267982488348147308e+04,-6.820055149326254650e+03
-5.648585820762841468e+04,-4.179226263360575831e+04
-1.923802329564952015e+04,-1.791813513212475664e+04
1.119074576732003770e+05,-9.033295069394107486e+03
-5.302037219598380034e+04,-6.806384914444411152e+02
