9.874685567803181766e+04,1.738946490162717964e+04
-3.548440917457257456e+04,1.586866479028465110e+05
-2.657469067646256372e+04,6.912319140528779826e+04
-6.318195802098206332e+04,8.257129245430516312e+04
-9.472428136225204798e+04,1.540344081011281232e+05
-1.409694962880107341e+05,9.150718068316283461e+04
-7.171428151725178759e+04,1.700411383116375946e+05
-4.035813917295620195e+04,1.262190630025281862e+05
-7.708704890955824521e+04,1.653208791468139098e+05
-6.540047799756413588e+04,7.307034861926648591e+04
