-3.679943486531872622e+03,-5.818590089428952342e+04
-4.158754067977289378e+04,-6.404070723013254610e+04
-1.217508474325680290e+05,1.082098660519590157e+04
1.164398613006518717e+05,-2.393071748136644601e+03
-6.547916864853356674e+04,1.892760751391949016e+05
3.700543437793770863e+04,1.945252429894897214e+05
-2.763706015555213889e+04,1.175853114780380856e+05
-2.712648321015989495e+03,-2.331405428810723970e+04
3.230585268924236880e+04,1.862825789734931823e+04
-6.840517539754237805e+04,1.433986615311282221e+05
