-6.292395120986314578e+04,-5.298712427740599378e+04
-4.444881203527520847e+04,1.598615928223198280e+05
-3.456142665667939582e+04,3.745039259581032093e+04
9.056911499037569229e+03,9.067337711826477607e+04
4.108967878195126104e+04,-4.173000985102817504e+04
8.552370250101802230e+04,-5.911472228936169995e+04
-2.703577544891885736e+03,5.489052107415911451e+04
1.413241800617421177e+04,1.744310743212988018e+05
-4.867951532179502829e+04,-8.704837885357547202e+04
-1.359073742004463566e+04,-1.238802644606519316e+05
