1.329754508002719667e+05,-3.322905268738395534e+01
4.960775080686714500e+04,-2.120020432282500551e+05
-2.298601082367887648e+04,-5.363821072093785187e+04
-3.065893085609169430e+04,-9.096593647607223829e+04
-4.521780572515385575e+04,-1.543221158699927328e+05
-5.532664153586242173e+04,-7.207605908585633733e+04
-1.785710513139504474e+04,-1.824532380551431852e+05
-1.966134004522641044e+04,-1.436314425664607261e+05
5.179480009102808253e+04,-1.213547893589832238e+05
3.989615423124770314e+04,-7.949578664813064097e+04
