2.999282659695373150e+04,-2.381134500247556571e+04
3.585330378697697597e+04,-3.020862731892293596e+04
-6.415684615919402859e+03,-2.682291580035040170e+04
-6.531127164854289731e+03,-1.555580261434170825e+04
9.324176001692796126e+04,-1.327102081511107681e+05
8.779509491804026766e+04,-9.297420892041300249e+04
6.967142004078537866e+04,-9.342344286765405559e+04
-5.203765544796340691e+04,-4.970718769852614787e+04
1.296769030594697106e+05,-8.548338947761814052e+04
9.057519989987312874e+04,-1.196648066150518716e+05
