3.052247360351043171e+05,3.928274619303797226e+04
-2.572961945433990331e+04,1.228141604808379270e+04
7.032155295828878297e+04,-4.036902197861644527e+04
1.234281319280376047e+05,8.273978540649043862e+04
9.491843059682486637e+04,8.029528535236079188e+04
-1.074561599216273462e+05,-4.565294395397376502e+04
-3.945442887465656531e+04,1.995672532542731642e+04
2.891635538923277636e+05,3.998704714824281837e+04
6.826488167803014221e+03,3.199319221228624519e+04
-2.844182144400381731e+03,1.545472034805570183e+04
