4.490464296524613019e+04,3.987630403541029227e+04
-3.794910420857420104e+04,-1.236149609186799062e+05
-1.336618138488002660e+04,-5.138280381676529214e+04
-2.200130534541888665e+03,-1.242296701259178517e+05
-2.215517925034166183e+04,-9.895169796498674259e+04
-2.294649869074064554e+04,-8.923497705503637553e+04
-4.601408751720443979e+04,-1.429654330390099203e+05
-4.301327836912402563e+04,-1.494732816290545161e+05
5.831445881226015626e+04,-6.127644157389114116e+04
2.780754764324754433e+03,1.761682776328962063e+01
