7.811287389245058876e+04,6.537579948909268569e+04
-7.900796987971085764e+04,-2.275507525590606092e+05
-2.734621649059741321e+04,-9.754607584878700436e+04
-2.281724987809950835e+04,-2.113131801462000003e+05
-4.129757849347095907e+04,-1.881351235357940604e+05
-3.907264252218381444e+04,-1.595244985303389840e+05
-8.661504487031216559e+04,-2.591731298543455196e+05
-9.352304830933095946e+04,-2.597740598301382852e+05
9.502688950632482010e+04,-1.296484382884214865e+05
1.530343606245250885e+04,-1.591452170004633990e+04
