-1.556136105761885701e+05,-9.777014475781006695e+02
6.697113081203395268e+04,2.141393975312822295e+04
3.273621751387633776e+04,6.279203184387620422e+04
4.755184590564772952e+04,3.993015123115136521e+04
-3.806611295223591151e+04,9.562529962142489239e+03
3.310734226432807191e+04,6.442761399686252116e+04
-1.370101400959629245e+04,-1.553109539467650757e+05
3.772400088028361643e+04,-3.908406176947874337e+04
8.677801546313130530e+03,-9.286457694220909616e+03
-2.846189237119547033e+04,1.053542814537090180e+03
