-2.147330644396324715e+04,-4.373932442679017549e+04
1.608852472601975896e+05,1.153383242456473454e+03
5.142135347948405979e+04,1.282333058166876799e+04
9.518635004283924354e+04,7.855407892353080388e+04
1.193360062817606376e+05,3.994880085500983841e+04
3.861833820210564591e+04,7.207060430405812804e+04
1.325058878665596130e+05,3.820640957908709242e+04
1.002629985507660458e+05,6.391860465858095267e+04
5.543456082474510185e+04,-7.754421203018938832e+04
-2.021360230939784378e+04,5.368931041432875645e+03
