-4.431063344477116334e+04,9.940115911527759454e+04
3.504744120746641420e+04,4.368946508883091155e+02
2.266337969295074436e+04,-7.660538937011571761e+03
-1.185427086344814597e+04,-5.593834170698512025e+04
4.936237891631486127e+04,-9.496705073798893136e+04
2.234174584433790005e+04,-1.039761095141745027e+05
2.961968199032069970e+04,-3.024650567202253296e+04
-1.472390749390639030e+04,-3.032958137365381845e+04
5.935295137896900997e+04,-8.510542867372085311e+03
8.544643657168588834e+04,-5.100509434705421882e+04
