-4.712272211523773149e+05,-7.411331525414672797e+03
1.077389161747567850e+05,3.811414409609659924e+04
4.908686760634650273e+04,1.388638343876589788e+05
8.397768806333508110e+04,8.223132592303019192e+04
-8.539775093842003844e+04,1.447906600305053507e+04
4.651507736433762329e+04,1.347281979391485802e+05
-3.285795664945104363e+04,-4.706219078935302095e+05
9.098919019762804965e+04,-6.759530005405236443e+04
7.436109827219970612e+03,-3.615120863231467956e+04
-5.009210891075155087e+04,-5.163801785744926747e+02
