4.819380510997044621e+04,6.312089174398201430e+04
-8.916530321902816650e+04,-2.234373210290164025e+03
-3.551689921419538587e+04,-4.936089999053075735e+04
-1.216634849990655784e+05,1.096514899741224508e+04
-1.353668882502275810e+05,8.244131911759659124e+04
-8.859806182243071089e+04,1.086526904592538776e+05
-1.508712553836101433e+05,5.510127976238011615e+04
-1.162912382381147909e+05,1.087840400425011467e+04
-9.402013751250426867e+04,1.822000732243571110e+04
-2.122745050237868418e+04,7.132718184631428448e+04
