-1.622854138988005434e+04,-4.705033996003834545e+03
4.668150569004158024e+04,-6.893855140887365269e+04
-4.373977785929761012e+04,9.349381254656694364e+04
-3.092765529368017451e+04,2.002189964647239685e+04
-1.746877615887195134e+04,6.923606911583747715e+05
2.674888300073405844e+04,-2.143226961877335852e+05
3.140829746407393759e+04,-1.406033932147268497e+05
-3.452830905826729722e+05,-9.046399295484679169e+04
1.600154664584001512e+04,2.311094426192231476e+05
5.389623179370046128e+05,-1.327056252026722068e+05
