2.800959016080644506e+04,2.513241368488667285e+04
1.285007506482465251e+05,1.464193213474852382e+05
6.810388974274919019e+04,9.095191887793388742e+04
8.879812632300262339e+04,1.174958098384644400e+05
1.417757972386959591e+05,2.010443397529387148e+05
1.138032526736850414e+05,1.351735241557737463e+05
1.627651077356437163e+05,2.065216131009758974e+05
8.263976674251173972e+04,1.055349760684255743e+05
1.510526598019020748e+05,1.905931944774749572e+05
9.254499418877418793e+04,1.526484689235750702e+05
