1.169056021478858020e+04,1.382218572078796278e+05
-5.089701507752071484e+04,1.473223843601802037e+04
4.978534719758903520e+03,-4.676661996653529059e+04
5.635730452747190429e+04,-1.346750313364952744e+05
-3.399000837302287982e+04,4.851643103930219695e+03
-2.306865494513206795e+04,-7.366373532662690195e+03
-1.215346924443585704e+04,-1.408909506384058332e+05
3.881864478072195197e+04,-3.347198260816171387e+04
-1.018817813958922488e+05,-1.232085411686862790e+04
7.549388807171581720e+04,-2.499174645772233998e+04
