-7.879802889030547522e+04,5.965568839241698151e+04
-9.762305673305095115e+04,-1.451236311883730814e+05
4.147875331236264901e+04,-1.858825479504102987e+04
6.317424290454338188e+04,-1.781065110447470215e+05
-1.434106135051905294e+05,-1.992591948285649996e+05
-6.058535795837964542e+04,-1.874002319210465357e+05
-1.020225932561033987e+05,-2.057820172592878807e+05
3.311363319454588054e+04,-1.079709083567136840e+05
-1.121042786284750910e+05,-2.303215470892152516e+05
-1.032548789951896470e+05,-6.841238040617859224e+04
