4.529607555427019179e+03,-9.318444510122903921e+02
1.756850581768052143e+04,-2.530802757829451730e+04
-2.502477365445698160e+04,3.557857108703273843e+04
-1.490117558566202024e+04,4.832551490723531060e+03
-1.509039587390637826e+04,3.374535637194581795e+05
2.059350067247509287e+04,-9.125229602494495339e+04
2.066630185686593904e+04,-6.290577905104921228e+04
-9.264154529133645701e+04,-3.862934137757613644e+04
-2.105362401790138847e+03,9.667206323171015538e+04
2.863207726456683013e+05,-5.350267888850646705e+04
