3.171198738836832927e+05,4.642798765941261081e+04
-5.826050202078899019e+04,1.704607117372359498e+05
2.562883670531318421e+04,5.072581151832904288e+04
3.270955763843373461e+03,5.721597078431548289e+04
-2.081239563064709000e+04,1.569295817009299935e+05
3.534684239188006904e+04,-2.775944953672205156e+04
9.960188236533809686e+03,-9.623689576242300973e+04
-3.282765400611121731e+04,4.592632383985965862e+04
-6.485454748369242225e+03,-3.145461112660755680e+04
6.495947490939075215e+04,2.103989853305483848e+03
