1.393048625892579439e+05,4.903951689378891024e+04
2.620503317855604691e+05,-2.226190094826135028e+05
1.883745996590154391e+03,-1.053365374031116953e+05
7.626817746735570836e+04,-1.706900268134052458e+05
-1.114130895568867854e+05,-1.546678174758115492e+05
-1.769087402917103609e+05,-4.502508778449449164e+04
4.846077826226535399e+04,-2.036370950235328055e+05
1.203104779065380280e+05,-1.423238875495849352e+05
4.534038020494161174e+04,-2.022524866684894951e+05
-1.783510400001454982e+05,-1.165376877031608456e+04
