-3.592713608608361392e+04,5.773800389992606506e+04
-7.665546944841582444e+03,5.890078082564247597e+04
-3.602201836156200443e+03,-5.900071098231293581e+04
6.731147144788567675e+04,1.348152096327434410e+05
2.561011451439589291e+04,-9.609975157222582493e+04
-6.204851857529802510e+04,6.090033207106908230e+04
4.191015708750879276e+04,-2.242432731781845359e+04
3.362339116862002993e+04,1.038669063100725543e+04
3.608189247217596130e+04,-4.286572372044543154e+05
-1.368786562171333062e+05,1.672838576791375090e+04
