-5.587756894500261114e+04,-3.804875611319828022e+04
6.575959908832315705e+04,4.424622264549968531e+04
-2.532473337572840319e+04,-3.108929438314887375e+04
-3.323379488291217422e+04,-1.082849080620805908e+05
4.046050981529282581e+04,-2.889774246050552028e+04
-9.694165631709681475e+04,1.975345401865254098e+04
-2.186298408707393537e+04,4.944473340723204892e+05
3.346511360513824911e+03,-3.416710011084805010e+05
-3.078388212296352722e+05,1.128246832825483725e+05
-1.331786376036950678e+05,-9.673893278403351724e+04
