-3.294679110129612673e+04,9.571767854350640846e+04
2.449075562979548122e+05,6.086236894470488915e+04
-5.718269637834697642e+04,3.185891811079727631e+04
1.345294425815822033e+05,1.175214538747936604e+04
1.010909623630332062e+05,7.175835519846170791e+04
1.059660791601950477e+05,7.180386624412953097e+04
5.131136820331663330e+04,4.783041028745510266e+04
1.889444786771393265e+05,5.106785653915765579e+04
-9.372444555264903465e+04,-2.781313552749397059e+04
-8.514881245495143230e+04,5.167408687063073739e+04
