8.267261772593288333e+04,-2.993002728840343480e+03
2.897485511225779919e+04,-1.508052793050557375e+05
-1.407539885540315845e+04,-3.637334143037613103e+04
-1.475683634750645979e+04,-6.571441650219223811e+04
-2.609347590561553807e+04,-1.136624370051910228e+05
-3.149988258080774176e+04,-5.376414688760702848e+04
-7.853980084235347022e+03,-1.362946251127955329e+05
-1.027797731940487029e+04,-1.033709334982864675e+05
2.802108408843477810e+04,-8.782484943992018816e+04
2.490571252260827168e+04,-5.795067754116153810e+04
