-1.715873146064846514e+04,1.394211826438149437e+05
-1.028503757995908381e+05,-9.999201447381610342e+04
-5.132512110121169098e+04,-9.542772785838805430e+04
-1.387163018909359744e+04,-1.857839032687872823e+05
3.853046650313037389e+03,-1.288383933315824106e+05
5.277398427858392824e+04,-1.705010934420112462e+05
-2.552189861229632515e+04,-1.909740820129978238e+05
7.274198710856180696e+02,-2.287560464859021886e+05
-8.611110844089818420e+04,-3.689521852062633116e+04
5.349586763919898658e+03,1.162047720449289045e+04
