6.313596216510500526e+05,1.085123695263000263e+05
-1.500884326322604611e+05,3.635401860063959612e+05
4.849435645949044556e+04,6.827144531632575672e+04
-1.089617766700702123e+04,1.492592034815380757e+05
-9.939519721735894564e+04,3.144356768398729619e+05
6.353479320009442745e+04,-3.489104494491302466e+04
5.550915338831616828e+04,-2.294745822511248407e+05
-9.383856186586178956e+04,8.631956009412634012e+04
1.101580324112337985e+04,-6.033076764735420147e+04
1.314086998233857157e+05,2.754634159688462387e+04
