-4.831956009698466005e+03,-3.740637321586607868e+04
-1.198049527499232136e+04,-9.119798628477573220e+04
-1.423748333843382534e+04,-3.819187011455067841e+04
1.812082150628973523e+03,1.475843914813726587e+04
2.149406650237107169e+04,-1.732359604145796620e+05
1.569820971146268312e+04,-1.065495461166574387e+05
1.858451315008993333e+04,-1.175669972689380229e+05
-2.544452020794284181e+04,-2.961878575647252001e+04
4.267409858214939595e+04,-1.440086655611028546e+05
2.004893965265891165e+04,-1.798332656234483002e+05
