-1.137463833088600040e+04,-1.043057958247368151e+04
-9.991810608882828092e+03,-4.926236676613578311e+04
-9.036709122323854899e+03,-4.354318442844651872e+04
-4.928581232040522991e+03,1.048959898716461903e+05
-6.712295038522106552e+03,1.327237989797386399e+05
8.634643059297342916e+03,2.320488664149515098e+05
-6.037205134749354329e+03,7.710751088053821877e+04
-6.578508572156233640e+03,2.327270103588448546e+04
-1.634487329097895054e+04,1.415726602345396532e+04
-9.483101109142273344e+03,9.007613734509180358e+04
