-1.543149329508587543e+05,1.044449631941558910e+05
1.444332031361331174e+05,9.692639791460048582e+04
7.038045439017063472e+04,5.446563326558493281e+04
1.160453797947211133e+05,4.444909325112350052e+04
1.717008376370858459e+05,1.713518036269207951e+05
1.643808432655734941e+05,1.491104705269045662e+05
1.767098776848479465e+05,1.274630978408827068e+05
1.765066207009795180e+05,7.467361142175977875e+03
3.612938898178428644e+04,1.620227744991735090e+05
-3.693589878182538087e+03,1.335017503572434944e+05
