4.420854007507223287e+02,7.990580984976601030e+03
6.415100976961894776e+04,6.214475552126529510e+04
-1.879337352723775621e+04,-8.244242889030763763e+03
4.250792162247245869e+03,-1.384853681968037272e+05
5.372695739848077210e+04,-6.072607176342249295e+04
-6.611811894166734419e+04,-5.329711107706924668e+04
2.730590594708336866e+05,-7.593169304416751402e+03
4.514400434917313396e+04,-3.287607763316961791e+04
-5.731534369796509418e+04,-1.897656028862018502e+04
-3.227714243070957673e+04,-2.508307334898069166e+04
