-8.410102370437770151e+04,1.977987933413457940e+05
7.843056230033446627e+04,-1.852037804285192396e+04
4.553914132059379335e+04,-1.824016153439458139e+04
-3.547384997269673477e+04,-1.417603082246944541e+05
1.097670364215316076e+05,-2.530419581762618327e+05
3.498347043929751089e+04,-2.646229144616607227e+05
7.276737231608960428e+04,-1.025100208423358563e+05
-3.195504077358290670e+04,-7.945127701818624337e+04
1.263058688025705342e+05,-5.616456684748906991e+04
1.865639145083752519e+05,-1.416793356833315047e+05
