-1.349166657148262602e+05,-2.304077284049294394e+04
-6.311826738159175875e+04,1.099531813120765582e+04
1.649383403670942789e+04,-1.464940266644460826e+04
1.223076415720238583e+04,7.242334667152955080e+04
-4.106232365830100025e+04,1.092897328682124862e+04
1.796415901905003921e+03,4.361439654395272373e+04
-5.762688726032722479e+04,4.926955771451748296e+04
8.103659416408318066e+02,6.338806074052501936e+04
-7.908350131966124172e+04,2.770080496464312455e+04
-5.337014109675084183e+04,-1.320462996186910823e+04
