-1.818696126617872505e+05,1.044449631941558910e+05
-8.442726107551087625e+04,9.692639791460048582e+04
3.749196117004383996e+04,5.446563326558493281e+04
4.213631131163592363e+04,4.444909325112350052e+04
-2.432069280581775092e+04,1.713518036269207951e+05
3.018009315259150389e+04,1.491104705269045662e+05
-7.030922671556651767e+04,1.274630978408827068e+05
2.189922602259763153e+04,7.467361142175977875e+03
-6.000838074515923654e+04,1.620227744991735090e+05
-5.452995248609263217e+04,1.335017503572434944e+05
