-2.158349495160412625e+05,-3.042973810754989245e+04
-9.763586153764366463e+04,4.953557962116101407e+02
3.039220962265076014e+04,-2.583683042870860299e+04
1.762388641052618914e+04,9.753434110270391102e+04
-7.101025283625596785e+04,-1.386766505213762503e+04
-1.042817377881084940e+04,4.532251122392586694e+04
-9.314856399070082989e+04,4.639782760395518562e+04
1.079806806749425959e+03,8.444153838244652434e+04
-1.309062524847984314e+05,2.399071134895596333e+04
-8.599546824012181605e+04,-3.147154911645398897e+04
