-3.279209730892429798e+04,-4.876328519220995076e+04
-3.946310343734250637e+04,-3.135600251056947745e+05
-1.385266625763912998e+04,-2.596364622647146098e+04
4.087915485114730836e+04,-1.651682176690737833e+05
1.196761591443837460e+04,-4.244823139669332886e+05
9.898471365223331304e+02,-3.188209107223422034e+05
4.260924329876140109e+04,-4.211264695270939264e+05
1.125819513737796296e+04,-2.290680644002120534e+05
-8.809858699991571484e+04,-2.554116412314023473e+05
-3.308888369296034944e+04,-2.410775643243120285e+05
