1.179648252786422090e+05,-7.049574262941846973e+04
6.122958150139141071e+04,5.269211887804414437e+04
-2.070186965467594746e+03,3.685190886933969159e+04
-2.058733184404735948e+04,3.903068006112863804e+04
1.172904754770053842e+04,3.018205278035406809e+04
-3.587653732700373803e+04,1.444795196543249767e+04
5.463982038476329762e+04,3.981554183187320450e+04
5.755566532458344227e+03,4.692944289808931353e+04
5.792987002451618901e+04,-1.390393630668235164e+04
8.367122731554787606e+03,-1.750293034720746800e+04
