2.534897918314396229e+05,-1.322175505971830571e+05
1.638576825086573372e+05,1.384231629914992955e+05
-1.469105619762623974e+03,8.502714842948195292e+04
-3.570727863588125911e+04,8.248522543341071287e+04
6.704633668080650386e+04,8.095436183680585236e+04
-6.032419790014847968e+04,2.098195368034763669e+04
1.521489573280216136e+05,1.017290597522494791e+05
2.880416670015022828e+04,1.087133556068722100e+05
1.431566718281757203e+05,-1.294025804709739896e+04
3.643731555249544908e+04,-3.389566933661913208e+04
