1.633650044730354421e+04,-2.111378441929972905e+04
-7.849676089639669954e+03,-2.952331842768097340e+04
5.193240040277369553e+04,-1.875506757753209240e+04
-3.290687163552475977e+04,1.071208027813321314e+04
1.983279848030108406e+04,-1.070894066475362160e+04
2.598726477126080135e+04,-2.066171843187612831e+04
-8.220698183570846595e+03,6.038816678031362244e+04
1.214760856698334828e+04,-4.529542639736300043e+04
-3.952042789925209945e+04,-2.352740869393416506e+04
-3.633040134842116095e+04,2.312486727006453657e+04
