3.334406422133220076e+03,-6.537040166795568803e+04
1.938154680317722377e+05,-3.280574761347260210e+05
4.361724839098307712e+04,-9.330087203890987439e+04
1.637616984510434559e+05,-1.504706262797857344e+05
1.969090076164742932e+05,-3.227012508040806861e+05
1.703012916878146934e+05,-1.771750028191470483e+05
2.372765235437159135e+05,-3.536134871263868990e+05
1.879485782994010951e+05,-2.305140848819051753e+05
1.619305112092536583e+05,-2.153767240207051218e+05
7.643192899224822759e+04,-1.280549401794970181e+05
