1.304077842228172267e+04,5.791222494401719450e+04
9.539444539130339399e+04,7.084444435557827819e+04
1.286984790240724105e+05,4.940608269780232513e+04
-3.215077642487997655e+05,2.312908310490936128e+04
6.413443526185191877e+04,-2.832096794622221569e+04
-9.735153174912709801e+03,2.364182077320855387e+04
-5.815546468068717513e+05,-6.341802614210860338e+04
-2.603712500877243656e+04,6.183649411601179745e+05
-1.374061908329401631e+05,-4.511532548801574158e+05
1.335174134529753064e+05,-2.400931067994672048e+03
