6.782626386032350638e+03,-4.929426100876273267e+04
-4.145268226299001253e+04,-3.004469321349233724e+04
-2.339030371087620733e+04,2.252627224271654632e+04
1.768018671929949414e+04,1.811732441489890334e+04
-7.199783440709306160e+04,-1.805275303169939434e+04
-3.078241822120976940e+04,-1.221003281185140622e+04
-4.897395065631273610e+04,-9.338704626530767200e+03
-1.756939752832378872e+03,1.291284527152202281e+04
-5.984940026152534847e+04,-6.672447804006107617e+04
-4.159293177451062365e+04,-3.920101729961785895e+04
