-2.768987407723048818e+04,-1.208863758127351466e+05
1.711739104710894026e+04,7.673982767516456079e+04
-1.201722129118470912e+04,6.603122010329883778e+04
4.674012553234861116e+04,-1.565927231727997132e+05
2.775142063202204008e+04,-2.927433652022325259e+04
-3.463759560975020577e+04,8.690343404152762378e+04
-5.130102579747659547e+03,-1.491917552604802404e+04
1.259656044799627489e+04,-1.831113119551963755e+05
-1.969341839691514906e+04,4.115097649070525949e+04
3.884458377343286702e+04,2.702940842313117901e+04
