-3.115937258937750084e+04,-3.724947158328433579e+04
-2.685188821763397937e+04,1.020151099780094664e+05
-2.476254673349540826e+04,2.602214071118255379e+04
6.419693719717965905e+03,6.485374263541906839e+04
2.507007049260846907e+04,-1.280019530755565575e+04
5.445809379209431791e+04,-2.490446665860803478e+04
-1.086003375619824510e+03,4.503917413158508134e+04
9.123407139588358405e+03,1.162186679162943037e+05
-3.103722085258287552e+04,-5.107939071472233627e+04
-5.755401342040135205e+03,-7.307243614629135118e+04
