-6.420582857457440696e+04,1.485999762283116870e+05
5.673900175390044751e+04,-9.041741695981865632e+03
3.410126050677224703e+04,-1.295035023570308113e+04
-2.366406041807245856e+04,-9.884932496583979810e+04
7.956470766892323445e+04,-1.740045044571254402e+05
2.866260814181770183e+04,-1.842995119879175909e+05
5.119352715320514108e+04,-6.637826325717919099e+04
-2.333947413374466123e+04,-5.489042919592004910e+04
9.282941009076978662e+04,-3.233755485743053578e+04
1.360051755400305556e+05,-9.634221501519287995e+04
