-5.272943485505767603e+04,4.447000229971094814e+04
-1.349911447771369130e+05,3.430889770296502393e+05
9.401389925872518506e+04,7.694138665970973670e+04
-1.393579641281087243e+05,6.046887342863044614e+04
-1.172703522261685284e+05,4.058454570971241919e+05
-7.620134555292462755e+04,-9.537316392444845405e+04
1.821799260093334015e+05,-2.014626795200250926e+05
-3.976724495049985126e+04,1.001099425356365100e+05
4.023806165814110136e+04,-5.740225446263609047e+04
-6.703558566161252384e+04,3.557135396444209618e+03
