-5.849466917226525766e+03,-2.818439223508043142e+03
3.212500575386104538e+04,-4.712328949358411046e+04
-3.438227575687730859e+04,6.453619181679979374e+04
-2.291441543967110920e+04,1.242722556859795804e+04
-1.627958601638915934e+04,5.149071274389164173e+05
2.367119183660456838e+04,-1.527874961063393275e+05
2.603729966046994377e+04,-1.017545861328880128e+05
-2.189623179370047292e+05,-6.454666716621146770e+04
6.948092122024934724e+03,1.638907529254666006e+05
4.126415452913365443e+05,-9.310415204558934784e+04
