4.744445072699236334e+05,-9.424284886629112589e+04
-3.116667609048853628e+05,-2.788617945682352001e+04
-6.840449401564072468e+04,5.564859352128024912e+05
1.087135281915208179e+04,-4.347289028192039113e+05
1.945195829538765538e+05,1.646106687382724340e+04
5.099721083268832444e+04,4.618906727429970488e+04
1.509433602706816455e+05,1.999229036075846816e+05
9.216990517256039311e+04,1.912683381306636729e+05
1.206087838014018780e+05,1.536509436250294966e+05
-8.017241777241947420e+04,8.317494483648519963e+04
