2.138859475644084523e+04,1.001643146199844487e+05
2.927778521681298298e+04,3.556652809507490601e+05
1.085409072195519184e+04,8.541572388688783394e+04
-9.423162989388318965e+04,1.761048946732520126e+05
-3.468213291939408373e+04,4.330623858178412775e+05
-7.917404543503334571e+04,2.995685885215049493e+05
-1.348561153338593067e+04,4.655821034640173311e+05
-1.479616465518287441e+03,1.703478845795872912e+05
7.965534923782575061e+04,4.153714403197818901e+05
6.773909828278276836e+04,2.729798840505212429e+05
