-1.020260684574854531e+05,1.774288559137803531e+04
-1.297385794780916040e+05,-6.799760058861220023e+04
-5.798869816522591282e+04,6.286804004284197617e+03
2.510294419640046908e+04,-5.932877974330906000e+04
-1.481641350137958943e+05,-1.045780590182659507e+05
-3.049208907577524587e+04,-5.471249997982437344e+04
-1.197640916793401411e+05,-1.448666006565041607e+05
-4.728774082200017438e+04,-7.714748883989655587e+04
-1.270360505927257473e+05,-8.562169529455820157e+04
-1.400339048812287510e+05,-5.713770248044212349e+04
