1.434042721734745646e+04,-4.155390573580908494e+03
1.195028850913930801e+05,2.219156620699844643e+04
3.658463857966097567e+04,2.248984057702427526e+04
3.520742655689438834e+04,7.549609989071996824e+04
9.523299026347343170e+04,7.946210887889802689e+04
-1.307892669231496711e+03,8.022850216214118700e+04
1.144472358279323525e+05,6.371419320586018148e+04
1.159561478341949987e+05,5.097601734714105260e+04
1.269265280477160741e+04,4.764286539827303204e+04
2.851509222745502484e+03,3.177848760093783494e+04
