3.745478909634878801e+04,-1.615797868511189881e+04
2.720446954181971378e+05,-2.646881475438363850e+03
8.449260785012453562e+04,3.416727027926136361e+04
7.483871842494222801e+04,1.647124855715808808e+05
2.110562368030445068e+05,1.318434913910834293e+05
-1.052973558898035662e+04,1.718073246023664833e+05
2.509924477443677606e+05,1.026598122958563181e+05
2.467667654790836386e+05,9.675688755436861538e+04
4.025292017581056280e+04,7.272426177399436710e+04
6.813209803286794340e+03,4.656618855865337537e+04
