3.172222536349617876e+05,-6.024895650102348736e+04
-1.544445072699235752e+05,-1.653326432631848365e+04
-4.732977907569827221e+04,3.582429676064012456e+05
9.305090524331915731e+03,-2.364859352128025494e+05
1.304485366409358830e+05,4.418824862743684207e+03
2.588655968841985668e+04,2.394014807121716512e+04
9.651107225963636301e+04,1.247619770986863150e+05
5.721108835313929740e+04,1.196871477587901318e+05
8.083831955646569259e+04,9.306334977007866837e+04
-5.494893661694326875e+04,5.463819205484848499e+04
