5.767515523402373219e+04,1.551753682466096870e+04
1.069791093570588564e+05,-9.600783950930950232e+04
-7.539322135771712055e+03,-4.342101015770353115e+04
3.398640200426494266e+04,-6.776755759407961159e+04
-5.073985871762064926e+04,-6.575692079995731183e+04
-7.006730986947615747e+04,-1.791203877192338405e+04
1.793214554438020059e+04,-8.819657699795321969e+04
4.917530030602810439e+04,-5.778190918351456639e+04
1.785737883978342870e+04,-9.006562297670125554e+04
-7.747551593051596137e+04,-7.938931869229400036e+03
