2.108871375693643931e+05,7.441376844879056443e+04
-8.742673827909605461e+04,3.075466989843763877e+05
-5.547645553144505539e+04,1.254820937213070283e+05
-1.414746850977090653e+05,1.478391775336228020e+05
-2.202502645072243467e+05,3.032729179501279723e+05
-3.182712423136333236e+05,1.718334102583508939e+05
-1.683271933294230839e+05,3.312234937515900237e+05
-9.674272129025973845e+04,2.364006394613585435e+05
-1.713682178010978387e+05,3.450275337301027030e+05
-1.530081068000022497e+05,1.554472580910346005e+05
