-1.185363871039998776e+04,8.951631356841500383e+04
-7.946766870727972127e+04,-8.645807813096645987e+04
-3.837116291247428308e+04,-6.849172535224939929e+04
-1.468319445420131160e+04,-1.341074794130792434e+05
-4.531793053801375208e+03,-1.076759073078260990e+05
3.373081809717667784e+04,-1.290334664071657171e+05
-2.717337173658537722e+04,-1.537517005626211758e+05
-4.685360086102712557e+03,-1.693960093379177270e+05
-6.873146933753450867e+04,-3.978932195872269222e+04
1.539220036384598643e+03,-1.627724650088380258e+03
