1.458781769607800816e+05,1.274510540290615754e+05
9.525988801349018468e+04,-1.546001762566365651e+05
-4.080573699386788576e+03,-1.491239140103862519e+04
6.034685455243314209e+04,-2.661433888470178936e+05
4.218629596884045895e+04,3.028191108532617363e+03
1.619198905822796514e+05,2.163528378716364678e+05
2.425609893371340295e+05,1.941949611740656110e+04
-7.477947832951796045e+03,5.716991205723128951e+04
1.584690299691273540e+05,-2.237002856704469305e+05
8.426581132316403091e+04,8.420573709655532730e+04
