2.704549153833914897e+04,-8.065547359478019644e+04
-6.539048648753939779e+04,-4.779845015002384025e+04
-3.637562132793902128e+04,4.130671940428481321e+04
1.952158789973882085e+04,1.918729616013375562e+04
-1.430176282594047952e+05,-4.826068979685984959e+04
-7.492982191470671387e+04,-4.057370095300448884e+04
-9.676366626909218030e+04,-3.082967926314551369e+04
-1.518985463112055368e+04,1.733694241080585925e+04
-1.052114242818896455e+05,-1.139226081633703143e+05
-8.687102377103047911e+04,-7.332686370456519944e+04
