1.524191857974265440e+04,1.380333034178277921e+04
6.587043195040860155e+04,7.482971730002795812e+04
4.052935304850879038e+04,5.195336761610114627e+04
4.894720698144733615e+04,6.329604873917825898e+04
7.273355307235947112e+04,1.023678243294809072e+05
6.050276433663177158e+04,7.118790007767609495e+04
8.207442593647321337e+04,1.039526786191393330e+05
3.820119948102488706e+04,4.964880414398180437e+04
8.550926358962958329e+04,1.052795309274159954e+05
5.232195333943245350e+04,8.237369070683291648e+04
