4.060541195248415897e+04,-2.592008960338657198e+04
9.527642038171736931e+04,3.425038253307713603e+03
3.745266951418074314e+03,-5.481636652053595753e+03
-1.532096740193079313e+03,2.634699459170823320e+04
2.300439118318781038e+04,-4.043516141490476730e+04
-4.930802539144982438e+04,-8.250933804673081613e+04
2.471877697104213439e+04,-2.024853114090175222e+04
-9.028903567074571038e+04,-5.031422891260467441e+04
-1.398368479940482939e+04,-2.749072779524565703e+04
5.344594542351581913e+04,-5.089917623952496797e+02
