4.204281314544286943e+03,4.565473913777971757e+04
1.302211899665634883e+04,1.436578950779312290e+05
1.023303979134963083e+04,2.968599448966174896e+04
-4.256410564235680795e+04,6.550071060692892934e+04
-1.123221328979602549e+04,1.690385896502032410e+05
-2.898290702073597276e+04,1.213926202214929508e+05
-5.742832976430478084e+03,1.821984565597416949e+05
3.042991332503326703e+03,5.411217243734077783e+04
4.149320717439758300e+04,1.750118220735400391e+05
3.600091582710441435e+04,1.074020091619348968e+05
