9.134187051997272647e+03,4.050076203598397115e+04
7.096051379088981776e+04,4.412508543084163830e+04
8.958312429179760511e+04,3.428952806664459058e+04
-2.298240283954096667e+05,2.076932054098385197e+04
4.545148509450674464e+04,-2.024525626854009170e+04
-8.107876053849129676e+03,1.941231703590069810e+04
-3.961659851051538717e+05,-4.338140470740018645e+04
-2.035488421607518103e+04,4.655766274400786497e+05
-9.887252822552381258e+04,-2.983649411601180909e+05
9.786468410194397438e+04,-5.299968220262965588e+03
