2.205552639120989988e+04,-1.933734915540220027e+04
1.768751945925190812e+05,2.466088803736013942e+05
1.410830985857413179e+04,8.199187328433599032e+04
6.448253037816026335e+03,1.570218016576248338e+05
1.517489407181841379e+05,2.233806282598043035e+05
5.861556033978740015e+04,7.109067122416773054e+04
1.616888001212136005e+05,2.375837137859906361e+05
3.809763985668451642e+04,1.589193776359238545e+05
8.787179507313604699e+04,1.703757581977781083e+05
8.689074723149044439e+04,4.221283039558673045e+04
