-1.137463833088600040e+04,-6.751984377946388122e+03
-9.991810608882829911e+03,-3.592656597742141457e+04
-9.036709122323854899e+03,-3.401667855573481211e+04
-4.928581232040522991e+03,7.119148522789691924e+04
-6.712295038522106552e+03,9.149935338758098078e+04
8.634643059297346554e+03,1.624967393043578777e+05
-6.037205134749354329e+03,5.158219751824289415e+04
-6.578508572156234550e+03,1.688659944825716229e+04
-1.634487329097894872e+04,4.973201887845747478e+03
-9.483101109142269706e+03,6.074406980871598353e+04
