8.108340034366355394e+04,8.057902911234094063e+04
6.595762147362035466e+04,-9.258743802194185264e+04
-1.634153937195147591e+03,-1.042457693812828438e+04
5.419877727306387533e+04,-1.579937782841947628e+05
2.432085262604745731e+04,1.348784480230432564e+03
9.094937434858917550e+04,1.351145881780165364e+05
1.465398031119217339e+05,1.332514104324062828e+04
-1.033743763567099450e+04,3.552614234688114084e+04
1.118146003884950624e+05,-1.341022287710672827e+05
4.707467166866912157e+04,5.054855741886280885e+04
