2.106729535778966092e+05,1.743230789457821520e+05
1.245621545533600583e+05,-2.166129144913312048e+05
-6.526993461578455026e+03,-1.940020586394896964e+04
6.649493183180241613e+04,-3.742929994098409661e+05
6.005173931163344969e+04,4.707597736834854004e+03
2.328904068159700837e+05,2.975910875652565155e+05
3.385821755623464123e+05,2.551385119157246663e+04
-4.618458030232561214e+03,7.881368176758140908e+04
2.051234595497596310e+05,-3.132983425698265200e+05
1.214569509776589985e+05,1.178629167742479185e+05
