-6.639820540195838839e+04,1.905626065753700823e+04
-6.311186497929540928e+04,-7.017604674456270004e+04
2.203710588156536687e+04,-1.450491595501333722e+04
3.500594240421098948e+04,-7.023971900452685077e+04
-7.726250399276825192e+04,-8.062071325087510922e+04
-2.328217618787938773e+04,-6.537042015077408723e+04
-6.206390189302853832e+04,-8.891155107653822051e+04
1.682727913553906910e+04,-4.633091611922415177e+04
-6.968251439149954240e+04,-9.942197645027644467e+04
-6.199984647428475728e+04,-2.685846908118357533e+04
