-8.762705865815951256e+04,6.374445776529942668e+04
-9.683565737008002179e+04,7.110899542704182386e+04
-1.633860374071724073e+04,9.059715738153860730e+04
9.551428642593928089e+04,-6.039249410961585090e+04
3.648763600100886106e+04,-4.038868292047940486e+03
-6.278221699058861122e+04,-2.229082024787259070e+04
3.047472404792883754e+04,-1.084637870525154176e+04
6.807590644853191043e+04,2.189390516600351839e+04
-1.064226503815495744e+04,4.858623111690712540e+04
-3.902262420647788531e+04,3.904342541345782956e+04
