-5.307876500218249566e+04,-1.848350364682217187e+05
3.344843696573819761e+04,1.219958504211095278e+05
-2.904133271760839489e+04,1.174764030316697754e+05
7.103064596407188219e+04,-2.547471474610035075e+05
4.464840691130921186e+04,-4.517716129961861589e+04
-5.264425799347784778e+04,1.405452333213117381e+05
-1.891199723212385288e+04,-2.970876879302146335e+04
2.269308360504576558e+04,-2.936704451439637924e+05
-3.466895363026681298e+04,7.105345473534816119e+04
5.820704319979835418e+04,4.060204850566470122e+04
