-9.468852983034879435e+04,-6.872477697152757901e+04
-6.204573585291644849e+04,2.177080756666302332e+05
-4.436030657986337610e+04,4.887864448043808807e+04
1.169412927835716437e+04,1.164930116011104838e+05
5.710928707129410759e+04,-7.065982439450069796e+04
1.165893112099416612e+05,-9.332497792011534330e+04
-4.321151714163986981e+03,6.474186801673317677e+04
1.914142887276005786e+04,2.326434807263032708e+05
-6.632180979100723926e+04,-1.230173669924286514e+05
-2.142607349804913247e+04,-1.746880927750124829e+05
