-1.727814950648496742e+05,3.042276418886986794e+05
-5.923479058212859672e+04,1.816179888276291604e+04
2.736413300929969409e+04,-8.242482523928326555e+04
2.571898611051156186e+05,-2.716378702834606520e+05
3.160544346541036430e+04,1.376743095541690127e+05
4.570346118538138398e+04,-7.565616295836796780e+03
1.285777782911745016e+05,-1.402230561073942808e+05
1.545736311504991136e+04,1.353672618978611717e+05
4.382066146928304079e+04,-1.094368286943705752e+05
2.009239523730046858e+04,-8.415297713084401039e+04
