7.093435021077748388e+04,1.270211761201515328e+05
5.319615438576883753e+04,2.034004870270565152e+05
-3.298611899384376011e+04,-2.764054978442045103e+04
-1.708301728223956889e+05,-2.322300239154479641e+03
-1.651614847559515038e+05,2.557721548405523936e+05
-2.330994740975969180e+05,1.592207548583352473e+05
-1.364317803048242931e+05,2.258481898141516140e+05
-3.455306565521378798e+04,3.805346545928236446e+04
-3.173691832566021185e+04,2.141913767469609156e+05
-9.378301851763419108e+04,2.129455938609929290e+05
