-6.540164645900692994e+04,6.611321203106699613e+03
-7.081571502224932192e+04,-3.816664023700688267e+04
-3.505499515188820806e+04,3.037211034795935575e+03
1.216186753421999674e+04,-2.378173574875431586e+04
-8.974918122029300139e+04,-5.781016880358390335e+04
-2.411149947654485004e+04,-2.250623936522303848e+04
-7.158653641427210823e+04,-7.919730449597616098e+04
-2.979344483469563056e+04,-3.732013152706321853e+04
-7.717021072096662829e+04,-4.661083066959538701e+04
-8.769234103974506434e+04,-3.640437192272282846e+04
