-7.846765592713451770e+04,-2.487836971237083199e+05
4.977948288436744770e+04,1.672518731670544948e+05
-4.606544414403208793e+04,1.689215859600406839e+05
9.532116639579519688e+04,-3.529015717492073309e+05
6.154539319059636182e+04,-6.107998607901397918e+04
-7.065092037720550434e+04,1.941870326010958815e+05
-3.269389188450006986e+04,-4.449836205999490630e+04
3.278960676209523808e+04,-4.042295783327310928e+05
-4.964448886361850600e+04,1.009559329799910483e+05
7.756950262616381224e+04,5.417468858819820161e+04
