-8.303841909111794666e+04,-1.889304718509043232e+04
5.406166301787130215e+04,1.746070304037324677e+05
3.080121710550913849e+04,6.082608788545883726e+04
1.781551678563478708e+04,1.163995049801651621e+05
-9.922672710537641251e+03,1.566384107985018927e+05
1.235582665321416243e+03,5.046078422966102517e+04
2.271808594887243089e+03,1.674704561998691352e+05
3.113496336661720852e+04,1.148662748181345087e+05
-4.104630475920777826e+03,1.209575857035477675e+05
-1.776934076816382731e+04,2.673385527434361211e+04
