-7.400061328778267489e+04,1.317938833800613247e+04
-4.577625902056862105e+04,7.841940089587669354e+04
-1.770878271112536459e+04,-1.650246433635432186e+04
4.902475830195685558e+04,8.417630802610606770e+04
-1.118924621014899458e+05,9.423615109827675042e+04
-4.989207117252107128e+04,1.188595584379187931e+05
-6.272812005866885011e+04,1.199418953352767130e+05
-4.622279323601820579e+03,8.528096897482608620e+04
-7.954463769451616099e+04,6.628110138808375632e+04
-1.238591208387683873e+05,6.578120785358299327e+04
