7.227195442765112966e+04,-3.795183042268855206e+04
-1.381781447726967162e+05,1.159744280523723282e+05
-2.584637880606606996e+04,6.167486065683515335e+03
-1.725400013873988064e+05,1.229267013744549040e+05
-1.871772339256264968e+05,1.435364316676082672e+05
-1.865569981039308768e+05,1.363231502027355600e+05
-2.249381180136628100e+05,2.057104135125000903e+05
-1.900936962818600587e+05,1.386684069615236949e+05
-6.760626694827195024e+04,5.851348688269474951e+04
-3.938476605209407717e+04,2.769535521842709568e+04
