2.612772232515798169e+04,3.827452795362711186e+04
-4.924242532468729769e+04,1.614223724640261935e+03
-1.751309378022872625e+04,-3.219776103547537059e+04
-6.939068612429503992e+04,1.347126496092068555e+04
-8.252660020818606426e+04,6.240221980810907553e+04
-5.599837113473793579e+04,7.658499696485427557e+04
-9.149952324653130199e+04,4.437226220453945280e+04
-6.860746909789124038e+04,7.471527498602237756e+03
-5.530634476997385354e+04,2.294589476449654467e+04
-1.555966532430005100e+04,5.018892867829554598e+04
