-1.601800283325140190e+05,5.385635161695891293e+04
-5.948667143796258460e+04,1.366142379661654995e+05
-2.615997689795462065e+04,-5.969310833025052852e+04
1.323603170665571524e+05,1.569964724381716514e+05
-1.816014760535966197e+05,1.159555548779559322e+05
-5.914755094776384794e+04,1.745084061758189928e+05
-7.866319973450474208e+04,1.933928838104208698e+05
2.186028863973517946e+04,1.492456203516263340e+05
-1.205017401896138326e+05,1.013606947543653223e+05
-2.266317944961979229e+05,8.916676758290323778e+04
