4.077726174187021388e+04,3.646149702799057559e+04
1.911310693460844050e+05,2.180089253949424310e+05
9.567842643698959728e+04,1.299504701397666213e+05
1.286490456645579252e+05,1.716955709377506864e+05
2.108180414050324471e+05,2.997208551763965515e+05
1.671037410107383039e+05,1.991591482338712376e+05
2.434557895348143065e+05,3.090905475828126073e+05
1.270783340039985924e+05,1.614211479928693734e+05
2.165960560141745955e+05,2.759068580275338027e+05
1.327680350381158933e+05,2.229232471403173113e+05
