-6.227069389863824472e+04,4.681755611296157440e+04
-1.997554519377354591e+05,-2.466564326725292631e+04
-7.951190620854124427e+04,3.257594765503582312e+04
1.717980028682908232e+04,-1.288235422087370534e+04
-1.158762632001888996e+05,-7.989130431481235428e+04
4.355085551721986849e+04,-7.387703049659841054e+04
-1.432608297832774697e+05,-4.224937757857871475e+04
-1.049486165334289253e+05,-6.712487075767178612e+04
-5.468706232240072859e+04,4.178018046452764247e+04
1.212866409061237573e+04,-1.610770376319321076e+04
