5.436150543313856906e+04,-6.729704462536780920e+04
-3.937403689218946965e+04,-6.347027543446322670e+04
-2.408555987438297234e+04,-1.145714120600205206e+03
-7.250964827906583378e+04,1.556159476772216476e+04
-6.186418589697466814e+04,-8.766036266158710350e+04
-8.762912920961805503e+04,-4.893965052404798917e+04
-5.242432269229811209e+04,-7.083919442399768741e+04
-4.761471113694058295e+04,2.689862339045868430e+04
-7.423266639466711786e+04,-9.880569313659791078e+04
-3.353842288956951961e+04,-4.704587035452589043e+04
