-6.383474805664822634e+04,4.239026376097241155e+04
-6.432099642623140971e+04,5.340957629868615186e+04
-1.172311734905629964e+04,4.708266025050273311e+04
6.429238023672650161e+04,-3.631353408705328184e+04
2.396760764174020369e+04,3.996453536658145822e+03
-4.342615239427624329e+04,1.433212023659815713e+03
2.335548455154609837e+04,5.450018607748346767e+03
5.081015151376038557e+04,1.893858877285401468e+04
-1.462341446641884249e+04,3.424177085608521156e+04
-2.573248342663692165e+04,1.633791516371328180e+04
