6.089845901550561393e+04,-3.912831018628171296e+05
1.329485990476177540e+04,-1.463207614149580186e+05
5.557316328301477915e+04,-1.896808660780283390e+05
1.271172313508308071e+04,-5.516302501152333571e+04
1.983240926193121413e+04,-8.204764466559601715e+04
-2.174581782222569745e+04,-9.782268518551951274e+04
5.251300382815123885e+04,-2.304169979283750581e+04
1.811565357029945881e+04,1.852133527807407518e+04
-1.496895792333535428e+04,-1.392018286444655387e+05
4.982679427916117129e+04,-1.429112673819134070e+05
