-2.974372381039573156e+04,2.932556177787849083e+04
-7.826173600487224758e+04,-3.633210246589407325e+04
-3.344062613205600064e+04,-1.810136703186311934e+03
1.628579045484976996e+04,-2.043200515371373695e+04
-3.927744810325052094e+04,-6.660857749704088201e+04
2.342694215393139530e+04,-4.889099925035147317e+04
-4.854309995678139239e+04,-4.586607462243232294e+04
-2.719888876083909781e+04,-5.249160114095074096e+04
-2.788727160157426624e+04,9.292317823467242306e+02
6.499661511543625238e+03,-2.024773250291746444e+04
