-1.114193692596707551e+05,8.509865176962647820e+04
-1.293503183139286120e+05,8.880841455539748131e+04
-2.095409013237822728e+04,1.341116545125744597e+05
1.267361926151520020e+05,-8.447145413217840542e+04
4.900766436027752206e+04,-1.207419012075402497e+04
-8.213828158690103737e+04,-4.601485251940497983e+04
3.759396354431159853e+04,-2.714277601825143938e+04
8.534166138330340618e+04,2.484922155915301846e+04
-6.661115609891072381e+03,6.293069137772906106e+04
-5.231276498631887080e+04,6.174893566320239188e+04
