3.327015359504362277e+04,-4.038864169582111936e+04
-3.571994174768207449e+04,-4.049257673645193427e+04
-1.667157419933954225e+04,-5.775350107206799294e+03
-5.341022437085464480e+04,1.570019015329114336e+04
-5.202381702317895542e+04,-4.431920160818420845e+04
-6.413286030344814935e+04,-1.778733252588042160e+04
-4.960868153756552056e+04,-3.601171473376552603e+04
-3.935977921193971997e+04,1.928729925795725285e+04
-5.641010079704281088e+04,-5.664653468887950294e+04
-2.731243503545414933e+04,-2.168035506625833659e+04
