1.754287607685786497e+03,-4.390184066631516907e+04
-3.327240814448573656e+04,-1.434749197576797451e+05
-3.060348355150302814e+04,-6.290055461139060208e+04
-1.485933258667957307e+04,2.215989937661782824e+04
2.066411181560808109e+04,-2.694339657037227880e+05
1.894680944687018200e+04,-1.678347609484151762e+05
1.425479921132165146e+04,-1.803734143171251926e+05
-5.154681490319214936e+04,-4.137400820767470577e+04
5.295052751568061649e+04,-2.289512446752384130e+05
3.218545696305973979e+04,-2.871937472368429881e+05
