7.545285727123350080e+04,-9.420544755491449905e+04
-4.302813203669690847e+04,-8.644797413247451186e+04
-3.149954554942639516e+04,3.483921866006381606e+03
-9.160907218727705185e+04,1.542299938215319708e+04
-7.170455477077039541e+04,-1.310015237149899767e+05
-1.111253981157879607e+05,-8.009196852221556765e+04
-5.523996384703066724e+04,-1.056666741142298270e+05
-5.586964306194146775e+04,3.450994752296014485e+04
-9.205523199229146121e+04,-1.409648515843163186e+05
-3.976441074368492264e+04,-7.241138564279349521e+04
