3.132292258914218401e+05,2.161493918548137299e+05
6.909574558552983217e+04,1.231400042467704625e+05
4.000526445558860432e+05,1.744273030361105339e+05
1.444705636507151939e+05,1.484875752194864908e+05
3.880433028856141609e+05,2.143665744417471578e+05
5.287975004957454075e+04,-3.261567965399012901e+05
6.707046003670227947e+05,5.580581304585301405e+04
-1.338585041875153547e+05,-1.744839900216349633e+05
-5.209394671560308198e+05,-1.927690819553383917e+05
3.083508105874836328e+05,1.269975454515204910e+05
