-1.558875921373926758e+04,-2.324474442812391862e+04
-1.068148842709251039e+04,-3.046547288378504891e+04
-4.753133388751307211e+04,5.717420163016640799e+03
6.389800245734619239e+04,8.011958530439570495e+03
3.518789335032020972e+03,9.313164756599121029e+04
5.010807253897814371e+04,9.385244406509610417e+04
9.426923352290184994e+03,5.608609065697067126e+04
9.301834638504920804e+03,-7.908781358512165752e+03
3.175368035552230140e+04,2.011514300777238532e+04
-1.300476363663982011e+04,6.682836749866258469e+04
