1.548169966236980981e+05,4.590161667520887568e+04
-6.145557372683427820e+04,2.331166734436115075e+05
-4.102557310395379318e+04,9.730264256329739874e+04
-1.023283215593455534e+05,1.152052349939639971e+05
-1.574872729347381392e+05,2.286536630256280478e+05
-2.296203693008220289e+05,1.316702954707569152e+05
-1.200207374233373994e+05,2.506323160316137364e+05
-6.855043023160801386e+04,1.813098512319434085e+05
-1.242276333553280710e+05,2.551742064384583500e+05
-1.092042923987832182e+05,1.142588033551505068e+05
