2.934322843598460895e+04,-3.041516974889339326e+04
-1.183028227617070479e+04,-3.147870631862380105e+04
6.376752019541005575e+04,-9.474901556696844636e+03
-4.665349736779526575e+04,3.271947058358251161e+04
2.338188676079559445e+04,-8.967575365218242951e+03
4.270434557674620009e+04,-3.173120038726446001e+04
8.103461442216866999e+02,9.024233554551322595e+04
1.994928426292636141e+04,-8.483554239854912157e+04
-4.720440126544571831e+04,-4.982494131074180768e+04
-4.932625941448767117e+04,4.103119979283043358e+04
