-1.879662280691264459e+04,4.134513369765420066e+04
-2.455601579120483075e+04,-1.667239483420049510e+04
1.228434044264915246e+04,-5.006860697136153613e+04
-3.568029414960373833e+04,7.487607515419877018e+03
-7.820615902989805909e+04,1.414499948254383708e+04
-7.304295615742700465e+04,4.088822966780600837e+04
-7.767204841932491399e+04,1.734051151978613234e+03
-4.211888412675909058e+04,-3.206510007168165248e+04
-5.774710506549997808e+04,1.859538934400383732e+04
-3.166427348243387678e+04,2.687018797157723384e+04
