-1.887181600540456129e+05,3.935597452497699123e+04
-1.189297124465600791e+05,-1.076498389664679271e+05
3.596742319102425972e+04,-1.654658537502720355e+04
9.700115096118330257e+04,-1.241731150246369507e+05
-7.319272337738233909e+04,-1.399399540397200617e+05
3.290560498620251019e+04,-1.263853260359103297e+05
-6.199808641556831572e+04,-1.473467841679130215e+05
6.789970623344241176e+04,-7.715091223796892154e+04
-1.122297927641485585e+05,-1.648717617697458190e+05
-1.043332303490541526e+05,-4.763542474368108378e+04
