3.898200395318909432e+04,-2.075220679085447337e+05
1.286183022692015948e+04,-8.095129263565488509e+04
3.463375177348232683e+04,-1.238681144109670131e+05
1.223181802286455422e+04,-3.199868596800318846e+04
1.305497819165753390e+04,-4.704642577020089084e+04
-1.599638113736190462e+04,-5.905657066911274160e+04
2.922065261548682611e+04,-9.141941427021542040e+03
4.507331395863559010e+03,1.566316737188456864e+04
-7.610074523239061818e+03,-7.681431526553718140e+04
4.097545075442422240e+04,-8.440899802776082652e+04
