4.730835669064595277e+04,-1.120166861807977548e+05
-8.932829071208881214e+04,-6.555220708655539784e+04
-4.936093894500182796e+04,6.008716656585307646e+04
2.136298908017820577e+04,2.025726790536865883e+04
-2.140374221117164998e+05,-7.846862656202033395e+04
-1.190772256082036911e+05,-6.893736909415753325e+04
-1.445533818818716099e+05,-5.232065389976033475e+04
-2.862276950940874667e+04,2.176103955008969206e+04
-1.505734483022539935e+05,-1.611207382866795815e+05
-1.321491157675503928e+05,-1.074527101095125399e+05
