3.236756912549029039e+03,-1.161882563097028105e+04
1.667113788554510393e+05,1.252692472635973390e+05
6.363545012607351964e+04,1.145454981560909364e+05
-1.131282971656248701e+05,-3.177402078897919855e+05
3.792123250032593205e+04,9.545792549829548807e+04
-9.677990148239502741e+04,-8.021709940413795994e+04
-8.444120680782024283e+04,-1.223754354111392895e+05
-1.498287556330368352e+04,-5.997792262588934682e+04
-5.093337165598974680e+05,-1.257278841394240735e+05
-1.520974098628557113e+04,1.251840415469928994e+05
