9.849000891164081986e+04,3.227852685922494129e+04
1.845147205713096482e+05,-1.593134244959614880e+05
-2.827788069590784289e+03,-7.437877378040758776e+04
5.512728973581032915e+04,-1.192287922037424287e+05
-8.107647413725371007e+04,-1.102123691378844669e+05
-1.234880250805932301e+05,-3.146856327820894148e+04
3.319646190332275000e+04,-1.459168360107430199e+05
8.474288910628305166e+04,-1.000528983665497799e+05
3.159887952236255660e+04,-1.461590548225953826e+05
-1.279132779653307371e+05,-9.796350319772733201e+03
