-1.386504904559639690e+05,2.887444997964935465e+04
-1.886614439339339151e+05,-9.782856094021748868e+04
-8.092240117856362485e+04,9.536396973772452839e+03
3.804402085858097416e+04,-9.487582373786377138e+04
-2.065790888072987436e+05,-1.513459492329479253e+05
-3.687267867500562716e+04,-8.691876059442569385e+04
-1.679416469444083050e+05,-2.105358968170321896e+05
-6.478203680930473638e+04,-1.169748461527298787e+05
-1.769018904644849245e+05,-1.246325599195210816e+05
-1.923754687227124814e+05,-7.787103303816140397e+04
