-2.016891805402722821e+04,-3.062217475332810864e+04
9.345732500484026968e+04,2.400350790496988338e+03
3.339047954926519014e+04,1.185639182979479847e+04
6.163510501115496299e+04,4.679260477682266355e+04
6.502792365937197610e+04,2.679678274500756379e+04
2.193593321678409120e+04,4.675129026484300266e+04
7.404748639154135890e+04,2.484712515340714162e+04
6.107765448876615119e+04,4.438050151622535486e+04
2.785739662344895987e+04,-4.422542930589841126e+04
-2.004342490272717987e+04,1.028989556071031984e+04
