4.332438150468952517e+04,-2.626129738196113613e+04
-7.892865702549793059e+04,7.777237326063592627e+04
-1.553295529540480857e+04,5.630688895800609316e+03
-1.048430807465172547e+05,7.673873095485035446e+04
-9.847275315990290255e+04,1.112363200195762911e+05
-1.027512268418323074e+05,1.005917329425502103e+05
-1.258479271186685364e+05,1.390214340919100505e+05
-1.146330998549153737e+05,8.747824998024884553e+04
-3.025535590381641305e+04,5.147997653389476181e+04
-1.171750534826061266e+04,3.565618563891672238e+04
