6.337615780502528651e+03,-5.026140017611828516e+05
-1.851770794805859914e+05,-2.196459029908208322e+04
-2.264022611736356703e+04,8.565321276097865484e+04
-5.878902498693270900e+04,4.659903365612743073e+03
-1.975457281356915701e+04,-2.123939721705322736e+05
1.217581120741887134e+05,4.282748936354400030e+03
-8.211033411276919651e+04,-1.928318702543820837e+05
-3.814169325973895320e+04,-1.307262148849802470e+05
2.137087441030792252e+04,-1.860510751547208056e+05
-4.283569110979892139e+04,1.066509890482504998e+05
