-4.600720885451700451e+04,3.807155894542003080e+04
-1.390085939713038388e+05,-3.049887286657350705e+04
-5.647626617029862246e+04,1.538290547592477014e+04
1.673279537083941977e+04,-1.665717968729372296e+04
-7.757685565171969938e+04,-7.324994090592661814e+04
3.348889883557560825e+04,-6.138401487347490911e+04
-9.590196487002942013e+04,-4.405772610050553340e+04
-6.607375264713400975e+04,-5.980823594931126718e+04
-4.128716696198747377e+04,2.135470612343718676e+04
9.314162801077996846e+03,-1.817771813305534670e+04
