1.086211506366015819e+05,1.150336766100138775e+05
2.238509272764140405e+04,6.221060098755340005e+04
1.475372441086566832e+05,9.596990122882637661e+04
6.370715309705771506e+04,7.051586119309831702e+04
1.543082745451209776e+05,1.084883657152547094e+05
1.960040633118390178e+04,-8.307839826995065960e+04
3.302348667890075594e+05,2.938327375892079726e+04
-5.234330889757422847e+04,-1.048463315529918182e+05
-1.804697335780153517e+05,-1.032240096712725499e+05
1.226150612802577380e+05,7.741826308079477167e+04
