5.227595681712862643e+03,2.308929912795071868e+04
4.652658219047625607e+04,1.740572650610503115e+04
5.046776955952279241e+04,1.917297343548685603e+04
-1.381402925420195970e+05,1.840955797705834266e+04
2.676853492716154506e+04,-1.216954459085794952e+04
-6.480598932785545912e+03,1.518281329859282050e+04
-2.107773234034359048e+05,-2.334478327269176589e+04
-1.467264342337789640e+04,3.127883137200393830e+05
-6.033886561810754938e+04,-1.455766274400787370e+05
6.221195475091271510e+04,-8.199005372531264584e+03
