-2.277769483389924062e+04,-5.685647410025223508e+04
2.283131695155549387e+05,-9.358430558405234478e+01
6.945222740970295854e+04,1.379026933354276116e+04
1.287375950745234004e+05,1.103155530702389515e+05
1.736440889041493065e+05,5.310081896501216397e+04
5.530074318742714968e+04,9.738991834327325341e+04
1.909642893415777362e+05,5.156569400476705778e+04
1.394483426127658749e+05,8.345670780093659414e+04
8.301172502604122565e+04,-1.108629947544803435e+05
-2.038377971606846768e+04,4.479665221553732408e+02
