5.317857699750650499e+04,-1.387958608636986901e+04
3.225150707788621730e+04,-6.684018082395466627e+04
-2.288931342985558149e+04,-5.622616312395020941e+04
-3.999061864209763007e+04,-4.510898958710418810e+04
2.056718969180154672e+05,-3.354621695997519419e+05
1.987760126111469290e+05,-2.434608070066101500e+05
1.280009939071484405e+05,-2.334523663045541616e+05
-1.481015990763252194e+05,-1.245232654007962701e+05
2.793666832775709918e+05,-2.018414267344394466e+05
2.224994562643359823e+05,-2.882928654486329178e+05
