-2.783908101353129314e+04,-3.836223721952502092e+04
-3.040571438388192837e+04,-2.228395232390880119e+05
-7.986502478043334122e+03,-1.819952025470515582e+04
3.293522079065287835e+04,-1.119346067967870040e+05
1.203013852077925912e+04,-2.975176231730907457e+05
6.044443200782110580e+03,-2.163568993995144265e+05
3.245691886920227626e+04,-2.950407518708943389e+05
1.033504613566471016e+04,-1.584763874785525259e+05
-6.524117397219441045e+04,-1.793734047473159735e+05
-2.375097942686373426e+04,-1.672860662460033491e+05
