-2.074340199992303315e+04,1.251240604691867338e+04
9.500689814578363439e+04,1.310441992393019027e+05
-3.320255814743188239e+04,-8.034590527273969201e+03
2.810972623331270734e+04,-4.369707363936074544e+05
7.317041054361821443e+04,-1.292671317362923000e+05
-2.922362378833347466e+05,-8.698608024532023410e+04
4.991771784125010599e+05,-7.507663735548005207e+03
7.535801666030485649e+04,-8.158711200592711975e+04
-8.518366269369280781e+04,-2.612482011083032194e+04
-4.103980647908725223e+04,-4.153480207398768835e+04
