1.257435414365575998e+05,-3.034297615698714508e+05
6.651992633859274792e+04,1.400774819863513985e+05
1.994729412715229046e+04,5.004689735450674925e+04
-1.212393920294808595e+04,-1.008069545861683728e+05
-1.942635851092734956e+05,-1.039582723499128042e+05
1.432493941189749166e+05,1.447690201287196251e+05
1.104253145926624857e+05,-6.222704806416746578e+04
4.774481836810476379e+05,-7.694652447726271930e+04
4.811081760479103104e+04,4.465053189206105890e+04
-2.312845999888613005e+05,1.063773135909856355e+05
