2.304738781489938265e+05,-3.530442404032697596e+03
1.381909559778930852e+05,3.216647447822124377e+03
8.381415276131645078e+04,4.046008200732084515e+04
2.555875250623038155e+05,-1.904851341731550201e+04
-1.183006506358271727e+05,5.446103634397356655e+04
6.815889092237074510e+04,1.523562186025486881e+04
-9.247011539649215410e+04,3.881774553925922191e+03
-8.434223968212743057e+04,-1.709341167870676509e+04
8.110857518186698144e+04,1.229560401620522862e+04
2.130021164892538218e+05,-1.331412475299399739e+04
