5.756815121393343725e+04,1.013116710621072561e+05
8.886274805379487225e+04,4.006587541237606638e+04
7.943066995978279738e+04,9.492752340970322257e+04
2.461015584469592795e+04,1.972119038087442750e+05
9.641027882223196502e+04,-1.020400281791162706e+04
7.640806067888899634e+03,1.836403484621674870e+05
2.299530106580046049e+04,4.239636445135991380e+03
9.093742188672936754e+04,6.102920408696621598e+04
-9.069348275303194532e+04,-1.095447276626999665e+05
-8.071953175577263755e+04,-6.391274686954032222e+04
