-3.419291453126623674e+04,2.992789951283991832e+04
-7.880495365453045815e+04,2.085049758161531354e+05
6.359703848952877161e+04,5.944719063952018041e+04
-8.709261302050790982e+04,3.583161393216736178e+04
-5.892343283209075162e+04,2.420109956142912561e+05
-4.841459984072787483e+04,-5.978340787853752408e+04
1.095903583678060968e+05,-1.155403660190486407e+05
-1.711707868245344434e+04,6.291982412418141757e+04
1.882980352614009462e+04,-3.720939366443515610e+04
-4.518697377594308637e+04,-3.530025311019926448e+03
