3.406347428413491580e+05,1.972207635118851322e+05
2.284860848389429739e+05,8.688263827941995987e+04
-1.792955378067578131e+05,6.346947167891892605e+04
-3.160591227602575673e+05,-1.909559928729192470e+05
1.542691789232517476e+05,-2.677202065370886339e+04
-5.576282326616007776e+04,-3.228211754885601840e+04
-1.391903462430576328e+05,-9.459320458882133244e+04
6.220635491854009160e+03,-5.439301322057524521e+04
1.826708291468374082e+05,-3.409760016034210275e+04
-1.275729863106394187e+05,7.736210213080947142e+03
