7.025988789478286344e+04,8.796725553433691675e+04
-1.290881811133690644e+05,-6.082970145220559061e+03
-5.352070464816202002e+04,-6.652403894558611501e+04
-1.739362838738360733e+05,8.459033033903811884e+03
-1.882071762922691996e+05,1.024804184270841361e+05
-1.211977525101235660e+05,1.407203839536534215e+05
-2.102429875206889410e+05,6.583029732022076496e+04
-1.639750073783383123e+05,1.428528050989801704e+04
-1.327339302550347638e+05,1.349411988037488118e+04
-2.689523568045736465e+04,9.246543501433302299e+04
