1.471004923223691294e+05,-3.530442404032696686e+03
8.775353675240075972e+04,3.216647447822125287e+03
4.838345266385115974e+04,4.046008200732084515e+04
1.648412428546129377e+05,-1.904851341731549837e+04
-7.488083920443306852e+04,5.446103634397356655e+04
4.561844636517292383e+04,1.523562186025486881e+04
-5.878497124682112189e+04,3.881774553925922191e+03
-4.649821408397676714e+04,-1.709341167870676873e+04
5.468190610561500944e+04,1.229560401620522862e+04
1.410508772258445097e+05,-1.331412475299399739e+04
