-1.730306588732757882e+04,2.300218860590514669e+04
7.213551822610543240e+03,1.143389474113713732e+04
3.875106495545890539e+03,-3.503042340457077808e+04
1.042745737962809653e+04,7.425262124097536434e+04
1.684784963710612283e+04,-4.605893640385975596e+04
-3.345092019350997725e+04,3.381206894752306835e+04
8.260747692895416549e+03,-2.847933860546693722e+03
1.231649426896969999e+04,8.799188455483932557e+03
7.138344730742368483e+03,-1.343286186022271577e+05
-5.515971540862595430e+04,1.365653045422943251e+03
