4.158570179723010369e+04,-1.884546554442271008e+04
3.405240543243159482e+04,-4.852440407143882476e+04
-1.465249902288749581e+04,-4.152453946215030010e+04
-2.326087290347597445e+04,-3.033239610072297728e+04
1.494568284674716997e+05,-2.340861888754313113e+05
1.432855537645936129e+05,-1.682175079635116854e+05
9.883620697396690957e+04,-1.634379045861040941e+05
-1.000696272621443204e+05,-8.711522654966122354e+04
2.045217931685203512e+05,-1.436624081060288299e+05
1.565373280821045628e+05,-2.039788360318423947e+05
