1.829637777981331237e+04,1.463046713911953557e+05
-1.655480851610128229e+04,-9.959638412408917793e+04
-1.318461649870586916e+04,1.765962098242454522e+04
-4.782232341473269480e+04,-2.490110058410623460e+05
-2.598289328681961706e+04,-2.974097865459372406e+04
6.139163956467868411e+04,6.097235133749210945e+04
-3.672124735790566774e+04,3.441384244502100046e+04
4.620667115057291085e+04,3.689117695233567792e+04
5.355011840326826496e+04,-2.560805636376467883e+05
6.321442935640105134e+03,-1.465194547116452304e+04
