8.340531225070011715e+03,-5.039730811676425219e+04
-5.456432101397915540e+04,-1.957518532305838598e+05
-4.696948376457222184e+04,-8.760923910823055485e+04
-3.153074732398815104e+04,2.956135960509843426e+04
1.983415712884513050e+04,-3.656319709928657976e+05
2.219540918227770089e+04,-2.291199757801730302e+05
9.925085272553447794e+03,-2.431798313653123623e+05
-7.764910959844145691e+04,-5.312923065887692792e+04
6.322695644921179337e+04,-3.138938237893739133e+05
4.432197427346053883e+04,-3.945542288502377924e+05
