-1.137463833088599858e+04,-3.073389173419114741e+03
-9.991810608882828092e+03,-2.259076518870709697e+04
-9.036709122323856718e+03,-2.449017268302312732e+04
-4.928581232040522991e+03,3.748698058414764819e+04
-6.712295038522108371e+03,5.027490779542328528e+04
8.634643059297346554e+03,9.294461219376426016e+04
-6.037205134749354329e+03,2.605688415594757316e+04
-6.578508572156233640e+03,1.050049786062984458e+04
-1.634487329097895054e+04,-4.210862247762484913e+03
-9.483101109142271525e+03,3.141200227234018530e+04
