1.685648953506084945e+04,1.884971496275875324e+03
2.067364732256200296e+04,-9.118209275463748781e+04
-8.150298925054443316e+03,-6.409916154238076706e+04
1.259029445007620780e+04,-8.509556694661376241e+04
6.679745313453646668e+04,-6.644483686736029631e+04
7.912988187803592882e+04,7.501908696596685331e+03
6.718492136824521003e+04,-7.259949745950076613e+04
5.481911008245945413e+04,-7.325566408158032573e+04
-1.076151572259047680e+04,-9.327710130311091780e+04
3.800371646244381554e+04,-2.000111339114135626e+04
