1.857273085550409160e+05,-1.013566466133007634e+05
1.125436320050243521e+05,9.555764093477174174e+04
-1.769646292615151651e+03,6.093952864941082225e+04
-2.814730523996432748e+04,6.075795274726966454e+04
3.938769211425349931e+04,5.556820730857994204e+04
-4.810036761357610521e+04,1.771495282289007446e+04
1.033943888563924847e+05,7.077230079206133087e+04
1.727986661630427625e+04,7.782139925248075451e+04
1.005432709263459255e+05,-1.342209717688989622e+04
2.240221914202514381e+04,-2.569929984191330732e+04
