2.650065089401609293e+04,3.341144123118334392e+04
2.045260905440400893e+04,7.877210896231945662e+04
-1.462014695634774944e+04,-7.662133809126858978e+03
-7.689141007636583527e+04,9.299745957445156819e+03
-7.650315051124521415e+04,1.057918528019976657e+05
-1.084729193841476808e+05,7.729508477785300056e+04
-6.213975514737014601e+04,9.188181680133024929e+04
-1.303215876148780990e+04,2.336878378265903302e+04
-2.563163312120601040e+04,8.285987223697453737e+04
-4.942909470615234750e+04,8.578663182358027552e+04
