-7.994024016014888184e+04,-6.020737843846051692e+04
9.477538646506323130e+04,6.303415406474578776e+04
-3.571112495666112227e+04,-4.722478753301958204e+04
-4.922555477350774163e+04,-1.634306022249945672e+05
6.138448589401225036e+04,-3.915159369807960320e+04
-1.416880502075468248e+05,1.560136346971006424e+04
-3.634079175459530961e+04,6.616710011084806174e+05
1.248090957003147923e+04,-5.088946681446406874e+05
-4.637850949728470878e+05,1.584518054660774942e+05
-1.894483346325731836e+05,-1.427296166209829971e+05
