6.409846745504785213e+04,-4.941739491673016164e+04
2.136408458377069910e+05,-4.507571900336094404e+04
2.216147093475458678e+04,-7.973447691979445517e+04
1.059134800409328818e+04,3.860087278466662974e+04
1.006969692009732971e+05,-1.551568846082838718e+05
-1.385070872217268334e+05,-2.223490712175493536e+05
5.183970019874743593e+04,-4.247027553101322701e+04
-2.192589404093246558e+05,-9.509707312729171827e+04
-8.147475452222046442e+04,-7.560343791081558447e+04
7.633887768130020413e+04,5.182417194225113781e+04
