1.127520362204674711e+04,8.943594401154547813e+04
-3.939094769992483634e+04,8.064427948344041397e+03
-2.349758156931977283e+03,-4.011594852480558620e+04
3.799431986773102108e+04,-8.952212677002177224e+04
-1.335492976335684580e+04,1.455633887305608368e+04
-7.840272659084472252e+03,1.127574536240772431e+03
-5.612508028073943933e+03,-8.453598548665878479e+04
3.346672467899568437e+04,-6.941056519038672377e+03
-6.618187652086206072e+04,-2.776530622278874944e+03
4.926485762898020766e+04,-2.190959723239113737e+04
