1.832782838746111083e+05,2.926544623465579207e+03
7.024064650147642533e+04,-2.731988071514441981e+05
-3.189662279195458905e+04,-7.090308001149956544e+04
-4.656102536467697064e+04,-1.162174564499522530e+05
-6.434213554469212249e+04,-1.949817947347945301e+05
-7.915340049091719266e+04,-9.038797128410560254e+04
-2.786023017855470971e+04,-2.286118509974908084e+05
-2.904470277104791603e+04,-1.838919516346349264e+05
7.556851609362140880e+04,-1.548847292780462303e+05
5.488659593988706183e+04,-1.010408957550997293e+05
