2.589760815684813861e+04,-1.015668462934639501e+04
1.957737902547950798e+05,9.772342365780037653e+03
6.053862321489275200e+04,2.832855542814281216e+04
5.502307249091831181e+04,1.201042927311504463e+05
1.531446135332589911e+05,1.056528001349907281e+05
-5.918814129105914617e+03,1.260179133822538570e+05
1.827198417861500930e+05,8.318700275085822796e+04
1.813614566566393187e+05,7.386645245075486309e+04
2.647278649029108055e+04,6.018356358613370685e+04
4.832359513016166602e+03,3.917233807979560515e+04
