6.316667609048852464e+05,-1.282367412315587571e+05
-4.688890145398471504e+05,-3.923909458732855273e+04
-8.947920895558311895e+04,7.547289028192039113e+05
1.243761511397224604e+04,-6.329718704256050987e+05
2.585906292668171809e+05,2.850330888491080987e+04
7.610786197695680312e+04,6.843798647738224827e+04
2.053756482817269280e+05,2.750838301164829172e+05
1.271287219919815252e+05,2.628495285025371122e+05
1.603792480463380634e+05,2.142385374799802375e+05
-1.053958989278957015e+05,1.117116976181218779e+05
