-2.889238390874118704e+04,2.667034009701472314e+04
-2.518892269409925211e+04,-6.252173901342334284e+04
-3.754623216529422643e+04,-6.521975463729361945e+04
2.108740927712508710e+04,-5.924585851490861387e+03
-9.305298922312282957e+04,1.654661152641837834e+05
-4.693713278893710230e+04,1.799235559614969534e+05
-5.422566562347409490e+04,7.824604159125161823e+04
3.544021516379670356e+04,-7.585862338193379401e+04
-8.517929984945105389e+04,1.230411009369352250e+05
-4.603096029883185111e+04,1.698501394600098720e+05
