-5.761913092314678579e+03,-4.296496661790891085e+04
1.131796076640339161e+05,-2.071680540737451229e+05
2.342403550461085979e+04,-5.665020611730466044e+04
1.064093411477537156e+05,-9.001778183642734075e+04
1.345837957848647202e+05,-1.973770279951186385e+05
1.257922346427957964e+05,-1.066369715654218307e+05
1.539855199713089678e+05,-2.209951968639705738e+05
1.179790931014401140e+05,-1.443141958400943549e+05
1.047451332977108832e+05,-1.318837602769993246e+05
5.875462204120331444e+04,-7.724174774563797109e+04
