5.073068879857413121e+05,4.564418645013252535e+04
-4.389324029025150958e+04,2.130597013104747748e+04
1.174155931443266454e+05,-7.352990827641660871e+04
1.915899414170655073e+05,1.325770144211771258e+05
1.557712766875553934e+05,1.250450058271361486e+05
-1.791022734757217404e+05,-6.373735855538770556e+04
-6.152103106640277110e+04,4.058730140603918699e+04
4.763252312539120321e+05,5.471159465274187096e+04
1.982299910295788141e+04,4.161456598370725987e+04
-4.695538248616745477e+03,2.870885754758798430e+04
