-1.907138363328748164e+04,-1.844874521477868984e+04
6.550946274505072506e+04,1.026051804338634684e+05
1.321229601237041788e+04,3.966030248658172786e+04
1.368502259593040981e+04,7.577720830270563602e+04
5.378024574081350147e+04,8.989619333719942369e+04
2.699248751857909883e+04,2.983089723515436344e+04
5.980212195486127166e+04,9.735719861374770699e+04
2.339087098136007626e+04,7.081317200034514826e+04
1.970008140006212852e+04,7.153941320931739756e+04
2.275920850882905506e+04,1.125488015310042465e+04
