6.779531749795755604e+04,-6.439163862422719831e+02
-2.000217191504051152e+04,-3.771582124890491832e+05
-5.845579460745810502e+04,-7.902864242104341974e+04
-6.879093673570122337e+04,-2.287161691387966275e+05
-2.094513528630071960e+05,-3.672498973902122234e+05
-1.965427156691098062e+05,-2.529596357621058996e+05
-1.479642297921879508e+05,-4.263757538598446990e+05
-5.944066791691051912e+04,-2.895950757245665882e+05
-6.746394551263909671e+04,-2.426963085468236241e+05
-1.161558120171811606e+05,-1.442592556326549093e+05
