1.279643803549256700e+04,7.290952687888203945e+04
2.114995210673465408e+04,2.496615880143401155e+05
1.054356525665242225e+04,5.755085918827474961e+04
-6.839786776811999152e+04,1.208028026400904491e+05
-2.295717310459504370e+04,3.010504877340222010e+05
-5.407847622788466833e+04,2.104806043714989210e+05
-9.614222254908199830e+03,3.238902800118793966e+05
7.816874334925087169e+02,1.122300285084640054e+05
6.057427820611166680e+04,2.951916311966609792e+05
5.187000705494360591e+04,1.901909466062280699e+05
