1.210591680753042601e+04,1.870077704042137484e+05
-6.240308245511660061e+04,2.140004892369200024e+04
1.230682759644978069e+04,-5.341729140826499497e+04
7.472028918721276568e+04,-1.798279359029688640e+05
-5.462508698268889566e+04,-4.853052665195644295e+03
-3.829703723117967456e+04,-1.586032160156615828e+04
-1.869443046079776104e+04,-1.972459157901529397e+05
4.417056488244820503e+04,-6.000290869728472899e+04
-1.375816862709224806e+05,-2.186517761145842815e+04
1.017229185144514486e+05,-2.807389568305355715e+04
