9.994834687260758074e+03,1.938831858784298311e+04
-3.212724912047031830e+04,9.258805670274664590e+04
1.675285099883963267e+04,1.695025145410661571e+04
-1.119812569623805939e+04,4.064225495505050640e+04
5.210109923196402087e+04,-8.343618754770857049e+04
3.037269758630021170e+04,-8.988769015303203196e+04
2.271404538666267035e+04,-2.652787897592246736e+03
-1.572136590569466171e+04,8.825872125451150350e+04
1.023957693730561004e+04,-6.088433988024697464e+04
4.239099872104813403e+04,-1.112413334116092155e+05
