-1.047402093139088538e+05,-1.933734915540220027e+04
7.617919611614871246e+04,2.466088803736013942e+05
3.981968111362944910e+04,8.199187328433599032e+04
1.807157149095840578e+04,1.570218016576248338e+05
-1.728195819187052984e+04,2.233806282598043035e+05
-3.737101556005309249e+03,7.109067122416773054e+04
-1.021678543511695580e+03,2.375837137859906361e+05
3.868370177807687287e+04,1.589193776359238545e+05
1.035942004356258622e+03,1.703757581977781083e+05
-2.200073072599489751e+04,4.221283039558673045e+04
