7.987014223034877796e+04,-1.988804323201087827e+05
4.210228152043487353e+04,8.557067335918029130e+04
8.764692806171533448e+03,3.285416763731636456e+04
-7.415155418827459471e+03,-6.097887337442603894e+04
-1.198808990295992699e+05,-6.875314566187706077e+04
8.781274568271367752e+04,8.987079365080912248e+04
6.781235383032023674e+04,-4.123642112681236176e+04
3.187240918405237608e+05,-5.253057546694085613e+04
2.992516017389269837e+04,2.165247546424272514e+04
-1.506650905851449934e+05,6.759322653471531521e+04
