7.093890399363783654e+05,5.200562670722718758e+04
-6.205686112616314495e+04,3.033052421401116226e+04
1.645096333303644205e+05,-1.066907945742167794e+05
2.597517509060935990e+05,1.824142434358638711e+05
2.166241227782859642e+05,1.697947263019114616e+05
-2.507483870298161928e+05,-8.182177315680166066e+04
-8.358763325814904238e+04,6.121787748665107938e+04
6.634869086154964752e+05,6.943614215724091628e+04
3.281951003811280680e+04,5.123593975512824545e+04
-6.546894352833111043e+03,4.196299474712026858e+04
