-4.165488515417079907e+04,6.926210323203617008e+04
-3.979248415206329082e+04,-3.880761032797164808e+04
2.407796923156037519e+04,-8.510259186230310297e+04
-5.424270104968298983e+04,-1.002165893589353800e+03
-1.267260058936514979e+05,-1.407312153353387839e+04
-1.226872318678088341e+05,3.725915586515726318e+04
-1.232163057291973237e+05,-3.017514234274156843e+04
-6.331406829585044761e+04,-6.819485113631765125e+04
-9.890165810355653230e+04,9.518996481450285501e+03
-5.343666681864636485e+04,2.468970043287762383e+04
