2.433818546025764663e+05,1.447386099702128558e+05
1.736509916080879048e+05,6.172167007205756090e+04
-1.268782764185470442e+05,4.303762261919371667e+04
-2.225657151300770056e+05,-1.354618574987849861e+05
1.085223075537795230e+05,-1.355473127828440192e+04
-3.922132407482077542e+04,-1.955108634909114335e+04
-9.783810222534302738e+04,-6.819273361121353810e+04
-6.508693901897757314e+03,-3.615557417635000456e+04
1.472891434100188781e+05,-2.156544761486809875e+04
-9.029667925331162405e+04,3.527785860818257788e+03
