9.326282546873300453e+04,2.010513623133265355e+03
-4.472500694396478502e+04,-5.209330610426431522e+05
-8.155826381021084671e+04,-1.089887275616579136e+05
-1.096091622399115877e+05,-3.228428054440388223e+05
-3.039754076455170289e+05,-5.143734670151237515e+05
-2.864907761744852178e+05,-3.617133362984799896e+05
-2.232802592810008209e+05,-5.944956247045431519e+05
-9.596485762825231359e+04,-4.028374013717937050e+05
-1.032538573475607700e+05,-3.368970080598068889e+05
-1.607148410779211554e+05,-1.981860992318862409e+05
