4.232780952718210028e+04,-3.298346395617782036e+03
4.720663113883786536e+03,-2.333833639354553598e+05
-3.535332540470537060e+04,-4.906855728042890405e+04
-2.797271123149081905e+04,-1.345895328335543745e+05
-1.149272980804974213e+05,-2.201263277653007244e+05
-1.065946551637344237e+05,-1.442059352257318387e+05
-7.264820030337516801e+04,-2.582558830151463044e+05
-2.291647820556868464e+04,-1.763527500773393840e+05
-3.167403367771737976e+04,-1.484956090338404174e+05
-7.159678295644119498e+04,-9.033241203342369408e+04
