4.153283645186449576e+04,4.455080337072710972e+04
-6.902603594018836156e+04,1.988539691161045921e+05
4.392727911266487354e+04,3.073486596628620828e+04
-6.002332442816947150e+04,6.807003624037338886e+04
6.618443013711323147e+04,-2.119318088748065347e+05
4.086003553102024853e+03,-2.232914249089634395e+05
1.746917566711399559e+04,-3.064205604162153031e+04
-4.675180792965471483e+04,1.767235874027376412e+05
-1.099844031405103669e+04,-1.426272653234779136e+05
7.008655519828484103e+04,-2.510258873056481825e+05
