-6.451314750142894627e+04,9.717907276641816134e+04
-5.502895251292175817e+04,-6.094282582174282288e+04
3.587159802047158882e+04,-1.201365767532446189e+05
-7.280510794976225588e+04,-9.491939302598573704e+03
-1.752458527574050240e+05,-4.229124254961156112e+04
-1.723315075781907071e+05,3.363008206250852527e+04
-1.687605630390697916e+05,-6.208433583746175282e+04
-8.450925246494179009e+04,-1.043246022009536391e+05
-1.400562111416131083e+05,4.426036188967700582e+02
-7.520906015485888929e+04,2.250921289417809021e+04
