5.235193970376601646e+04,-3.766874226005836681e+04
1.544586331097121001e+05,-2.082534037502664796e+04
1.295336894308633418e+04,-4.260805678592398181e+04
4.529625631950128081e+03,3.247393368818743693e+04
6.185068019208055921e+04,-9.779602301159383205e+04
-9.390755630658834707e+04,-1.524292046321400849e+05
3.827923858489478152e+04,-3.135940333595749325e+04
-1.547739880400351831e+05,-7.270565101994821453e+04
-4.772921966081262508e+04,-5.154708285303062439e+04
6.489241155240799708e+04,2.565759008992796225e+04
