3.329142806388597819e+04,4.730835669064595277e+04
-9.651401884992030682e+04,-8.932829071208881214e+04
-9.031232091573043726e+04,-4.936093894500182796e+04
-1.687556923945080780e+04,2.136298908017820577e+04
2.270176126469649316e+05,-2.140374221117164998e+05
2.476266822070181079e+05,-1.190772256082036911e+05
1.005474400635280181e+05,-1.445533818818716099e+05
-1.158202605693778896e+05,-2.862276950940874667e+04
1.707257603021241084e+05,-1.505734483022539935e+05
2.402498714348764333e+05,-1.321491157675503928e+05
