-1.245585207938709573e+04,-7.154784737750807835e+04
3.940658422750158206e+04,2.216539980256395938e+04
-3.453697904675721929e+03,4.669951392760874114e+03
2.089746923758217599e+04,4.511265596636598639e+04
5.192634518326925172e+04,1.697698187612053298e+05
6.336749845606943563e+04,1.384234587786133343e+05
6.723252739236908383e+04,1.253387522479445906e+05
3.751891789763631823e+04,7.114147996515575505e+04
1.288778225295750781e+04,7.834184758584991505e+04
9.157926140966463208e+03,1.078183845832796069e+05
