-6.133662886832705408e+04,-1.844874521477868984e+04
3.194412991959391366e+04,1.026051804338634684e+05
2.178275309738885699e+04,3.966030248658172786e+04
1.755946208031119750e+04,7.577720830270563602e+04
-2.563387229204724463e+03,8.989619333719942369e+04
6.208266886648171749e+03,2.983089723515436344e+04
5.565295733286164250e+03,9.735719861374770699e+04
2.358622495515753690e+04,7.081317200034514826e+04
-9.245202956197801541e+03,7.153941320931739756e+04
-1.353795081033271344e+04,1.125488015310042465e+04
