-2.967532333172562066e+05,-3.781870337460683368e+04
-1.321534556936955487e+05,-1.000460653878443554e+04
4.429058520859210694e+04,-3.702425819097258500e+04
2.301700866385000336e+04,1.226453355338783003e+05
-1.009581820142109209e+05,-3.866430339109651686e+04
-2.265276345952670817e+04,4.703062590389899560e+04
-1.286702407210743986e+05,4.352609749339286645e+04
1.349247671858040121e+03,1.054950160243680584e+05
-1.827290036499355920e+05,2.028061773326882394e+04
-1.186207953834927757e+05,-4.973846827103888063e+04
