1.243072593658109872e+04,-8.777583671800245065e+04
2.744513283995105885e+05,-4.489468981957070646e+05
6.381046127735528717e+04,-1.299515379605150811e+05
2.211140557543332106e+05,-2.109234707231441571e+05
2.592342194480838953e+05,-4.480254736130426754e+05
2.148103487328334886e+05,-2.477130340728722804e+05
3.205675271161228884e+05,-4.862317773888031952e+05
2.579180634973620763e+05,-3.167139739237159374e+05
2.191158891207964334e+05,-2.988696877644110355e+05
9.410923594329308253e+04,-1.788681326133560797e+05
