-3.181489772985635864e+04,-1.589013378793602715e+04
3.674381171158305369e+04,2.545829122625358650e+04
-1.493834179479567865e+04,-1.495380123327816727e+04
-1.724203499231662499e+04,-5.313921389916667249e+04
1.953653373657332850e+04,-1.864389122293143737e+04
-5.219526242664678284e+04,2.390554456759500317e+04
-7.385176419552588413e+03,3.272236670361601864e+05
-5.787886849003782118e+03,-1.744473340723203437e+05
-1.518925474864235439e+05,6.719756109901923628e+04
-7.690894057481695199e+04,-5.074824894708397187e+04
