7.389347073307275423e+03,-1.851132539072905201e+05
1.805256053201206378e+05,6.376792343364239059e+04
6.211676971377375594e+04,5.424099482298819930e+04
4.128907462014294288e+04,1.196144627205040597e+05
2.450231215233000694e+05,1.515952278595562384e+05
1.206977123191644350e+05,1.943786593429077475e+05
2.236047768731686519e+05,1.494999708657887531e+05
5.009649645036042057e+04,1.541915054319753544e+05
1.839460975075527676e+05,2.768958588665013667e+04
8.226135272317490308e+04,1.393129264233561116e+03
