2.590646090754278703e+04,8.514776409856807732e+03
4.736159824517175730e+04,-1.317772338275148068e+05
-5.993825120081950445e+03,-9.163038775240918039e+04
2.703860316732269712e+04,-1.251790598039003671e+05
1.108469159328197566e+05,-9.631110778177938482e+04
1.208725799498728011e+05,6.935541515246333802e+03
1.160155410449495539e+05,-1.058806436218764575e+05
8.998412512392889766e+04,-1.065942418362923345e+05
8.438219815178345016e+02,-1.317432153091769433e+05
6.004633140300877130e+04,-2.526011953214089590e+04
