-9.634351350135579196e+03,-4.071532266120670829e+04
-2.613451455343269481e+04,-4.725309005695879023e+04
-8.464109066004054330e+04,8.269203384106280282e+03
9.016893187899906479e+04,2.809443391151480682e+03
-3.098018965675075015e+04,1.412038613525930559e+05
4.355675345845791890e+04,1.441888435272928618e+05
-9.105068401630969674e+03,8.683570106750438572e+04
3.294593158744472021e+03,-1.561141782330971182e+04
3.202976652238234965e+04,1.937170045256086451e+04
-4.070496951709109999e+04,1.051135145148954180e+05
