-1.170903208101483615e+05,3.351786997748253634e+04
-5.263146522926559555e+04,1.075168194310211111e+05
-2.193437980453999626e+04,-3.809778633330241428e+04
9.069253768425698217e+04,1.205863902321388887e+05
-1.467469690775432391e+05,1.050958529881163558e+05
-5.451981106014244142e+04,1.466839823068688856e+05
-7.069565989658677427e+04,1.566673895728488278e+05
8.619004658066696720e+03,1.172632946632262174e+05
-1.000231889420649823e+05,8.382089807122453931e+04
-1.752454576674831333e+05,7.747398771824309370e+04
