1.012195273506127560e+05,-4.964236346341598983e+04
-1.974276325198954728e+05,1.541764828441086865e+05
-3.615980231672733498e+04,6.704283235566406802e+03
-2.402369220282803290e+05,1.691146717940593953e+05
-2.758817146913500037e+05,1.758365433156403014e+05
-2.703627693660294171e+05,1.720545674629209680e+05
-3.240283089086570544e+05,2.723993929330901592e+05
-2.655542927088047145e+05,1.898585639427985880e+05
-1.049571779927274765e+05,6.554699723149470810e+04
-6.705202675592749438e+04,1.973452479793749808e+04
