-8.743723225936044764e+04,3.535092963778733247e+04
2.907728556168447176e+04,5.167466205035463645e+04
2.519045709723560140e+04,2.852298239441717669e+04
4.324022120082608308e+04,2.922323880477213970e+04
4.982401622546461294e+04,1.206967784622256295e+05
6.414095147693840408e+04,1.033114298463442974e+05
4.416648554164689995e+04,8.703428920506437134e+04
5.919615695134800626e+04,1.628812557295999432e+04
-6.130703775754576782e+03,9.644871113918838091e+04
-1.506107259498075109e+04,9.123250128788627626e+04
