-1.015065829958616450e+04,1.025149351594763357e+04
7.957895395770129107e+04,9.659447738028359890e+04
-2.599796583733481384e+04,-8.139416708152359206e+03
1.618025919777997842e+04,-2.877280522952056490e+05
6.344868397104950418e+04,-9.499660174985742196e+04
-1.791771784125010308e+05,-7.014159566119473311e+04
3.861181189416673151e+05,-7.550416519982398313e+03
6.025101050473898795e+04,-5.723159481954835064e+04
-7.124950319582896191e+04,-2.255069019972527894e+04
-3.665847445489840902e+04,-3.330893771148420637e+04
