3.138472639756185235e+05,-3.530442404032695777e+03
1.886283752033854835e+05,3.216647447822126196e+03
1.192448528587816982e+05,4.046008200732084515e+04
3.463338072699946351e+05,-1.904851341731549473e+04
-1.617204620672213496e+05,5.446103634397355199e+04
9.069933547956855909e+04,1.523562186025486881e+04
-1.261552595461632300e+05,3.881774553925923556e+03
-1.221862652802779339e+05,-1.709341167870676873e+04
1.075352442581189098e+05,1.229560401620522862e+04
2.849533557526630466e+05,-1.331412475299399739e+04
