1.716169406427663926e+05,-4.079790908196339151e+05
9.093757115675076784e+04,1.945842906135224912e+05
3.112989544813304747e+04,6.723962707169710484e+04
-1.683272298706871152e+04,-1.406350357979106484e+05
-2.686462711889478378e+05,-1.391633990379485767e+05
1.986860425552361412e+05,1.996672466066301276e+05
1.530382753550047346e+05,-8.321767500152258435e+04
6.361722755215715151e+05,-1.013624734875845606e+05
6.629647503568937827e+04,6.764858831987935991e+04
-3.119041093925776659e+05,1.451614006472559413e+05
