4.871750055239677022e+04,8.021630867566741654e+04
3.682438172008645051e+04,1.410862979946880369e+05
-2.380313297509576296e+04,-1.765134179677363136e+04
-1.238607914493807330e+05,3.488722859145331313e+03
-1.208323176335983444e+05,1.807820038212749641e+05
-1.707861967408722849e+05,1.182579198180941312e+05
-9.928576772609722684e+04,1.588650033077409607e+05
-2.379261220835080530e+04,3.071112462097070602e+04
-2.868427572343309294e+04,1.485256244919677847e+05
-7.160605661189323291e+04,1.493661128422865586e+05
