-5.404416640505944088e+04,-1.867728052788599161e+05
1.041287582450513873e+05,-1.040202450868061132e+05
7.737244400705861335e+04,-1.181093939885691725e+04
7.570921393556048861e+04,-2.535948222157350028e+04
3.261368807027521543e+05,-3.054595683671018924e+05
2.254844295640852943e+05,-1.719630666929203726e+05
2.524716527478396893e+05,-2.099369506810641324e+05
6.276663233463406505e+04,-6.173715735783496348e+04
2.071179542262200848e+05,-2.073152434508945153e+05
2.023514602992245636e+05,-2.568439342253183131e+05
