-3.878372503883265745e+04,-1.407687175080263987e+05
8.008425309710079455e+04,-6.905003274313399743e+04
5.415678029073353537e+04,-4.456226122261876299e+03
5.787326189343394799e+04,-1.016287315439986924e+04
2.375986704567477573e+05,-2.108636459637608205e+05
1.637223421040590620e+05,-1.149431087003686698e+05
1.866521078104404442e+05,-1.418524032335091615e+05
4.893812337531671801e+04,-3.640160392879565188e+04
1.497856335494858504e+05,-1.408171651303557155e+05
1.426773763152499450e+05,-1.804213224337571010e+05
