5.084956041417383676e+04,7.778814718043408357e+04
2.015093249482965330e+05,1.488515362754834059e+05
2.740256426179966365e+04,-9.582358227051860013e+03
1.238120968239227805e+05,3.014445920929544081e+04
2.368225769209246791e+05,1.727637150220837793e+05
1.686367343796057976e+05,8.460772727429993392e+04
2.629017955206640181e+05,1.666121322903865366e+05
1.509634592881022836e+05,9.217940170627835323e+04
1.466088859241022437e+05,6.949272583261880209e+04
1.090315153699813818e+05,6.534801241044371272e+04
