-1.975315549883865242e+04,-1.637319378122772832e+04
-6.320640148059087369e+04,4.105146666432227357e+04
4.720316139712368749e+04,2.419037715658013622e+04
-3.340952472708329151e+04,7.117331289702733920e+04
-4.498670059995868360e+04,9.812754375299344247e+03
-5.928276487999170786e+04,2.446654569018651819e+04
-8.480052735797777132e+04,1.847275491796436836e+04
-6.731574120950303040e+04,3.856991991305029660e+04
-3.980813757223148423e+04,-2.556751640070820577e+04
-6.528177007020305609e+04,-2.717719405656769231e+04
