3.234371163277155574e+04,3.689547653698155773e+04
6.403079433628711558e+04,7.648394469365885016e+02
-5.547228782647007392e+03,6.790455237564741765e+03
7.985783627680562495e+04,-7.819941409046623448e+03
-2.258861630675876222e+04,1.335502664081176044e+05
-7.580551088839012664e+04,8.571319482681150839e+04
-1.855011372820650649e+04,9.214508761421886447e+04
3.847150871991912572e+04,1.072207534148766572e+05
-4.867208038936868979e+04,-5.110641401291287184e+04
-7.444522943748754915e+04,8.899524043818941573e+04
