-2.395117623129479762e+04,-1.135558580406760302e+04
-1.007158627610319672e+05,5.727112951698802499e+04
6.123992930930035800e+04,3.222941042559183552e+04
-6.046810824280214729e+04,8.265558097809180617e+04
-8.777441720275726402e+04,-1.689492785913555053e+03
-1.093887313629785203e+05,1.374113007414822641e+04
-1.408061701765385515e+05,1.563782782501929796e+04
-1.075205360414793540e+05,4.745293102901475504e+04
-6.932461833128966100e+04,-4.102769229345460917e+04
-1.050718360899116815e+05,-4.299856216740322998e+04
