-5.790019505793121061e+04,2.628217828706384898e+04
-1.295320032318869198e+04,6.402483454871011782e+04
2.540624000548672484e+04,-1.265695846745645576e+04
3.813729979906410153e+04,1.704478017391980393e+04
9.289620325990732454e+03,9.185329901734733721e+04
5.532000956610873982e+04,5.639948666847458662e+04
6.193016763165906013e+01,8.066668585902106133e+04
3.393714078837621491e+04,3.473994088676507090e+04
-1.737934567970799981e+04,6.838338514398246480e+04
-2.426899688627625437e+04,3.997633411048095149e+04
