1.049261373764305245e+04,1.273863845494943052e+04
4.187288410679777007e+04,5.038128520718822983e+03
-2.253539181585552342e+03,4.459486056100066889e+03
4.174581421047291224e+04,5.331777739445460611e+03
2.444835671112499404e+04,7.793714379862579517e+04
-1.747654764711284770e+03,4.908140240143336268e+04
1.592514652446010223e+04,5.752965735153851710e+04
2.303554655264218309e+04,5.393926395109155419e+04
4.928043647227665133e+03,-9.354372182147344574e+03
-7.360757630974714630e+03,4.845383139022374235e+04
