-1.477405209190891183e+05,5.176044371452468476e+04
-3.239250652256555622e+04,9.900087497918854933e+04
5.699474229497202032e+04,-4.086557389374619379e+04
9.620506217885320075e+04,1.247924876624314857e+04
3.433448298368206451e+03,8.833733215481674415e+04
1.235435659112032590e+05,3.238706383088495568e+04
-3.814100658154760822e+03,9.451348683088691905e+04
8.668022410407871939e+04,4.878137398517815745e+04
-5.880016726106288115e+04,7.310509082876915636e+04
-8.133245740168087650e+04,9.854791467754210316e+03
