-7.164233691233725403e+04,-4.609747337033943768e+04
-3.064296333288339665e+05,-7.455711249249088578e+05
-3.368162196628713718e+04,-1.529583586197342374e+05
5.484058455672887067e+04,-4.089019977338310564e+05
-1.692512030776371248e+05,-8.249356187347481027e+05
-5.231093006324088492e+04,-4.426002326893821592e+05
-1.545771387571454979e+05,-8.418060150438223500e+05
-3.325281943619025697e+04,-4.933866813069480704e+05
-2.347231593066176283e+05,-5.519206761967844795e+05
-1.528891812226208276e+05,-3.339514150517711532e+05
-4.726420081523776753e+04,-3.702933130858976801e+04
-1.638889793296277057e+05,-4.388450731486950535e+05
-1.790098033236733318e+04,-8.169687645133654587e+04
3.991593564344364859e+04,-2.338014968291656405e+05
-7.857927097525846330e+04,-4.977442755569980945e+05
-2.060594539909949526e+04,-2.782465603830344626e+05
-6.613627215875117690e+04,-5.053805246292584343e+05
-1.192046115111940526e+04,-2.906356959319205489e+05
-1.385534601255453890e+05,-3.276279222300070687e+05
-8.365112819169397699e+04,-2.137229916097328824e+05
