2.984142757922422788e+03,-3.778609437018086464e+04
2.423846573375698354e+05,3.492140608074649354e+05
2.732060587094454240e+04,1.216521757709176745e+05
2.013327563374644524e+04,2.327990099603303242e+05
2.055291864589976612e+05,3.132768215970037854e+05
8.560804785836655356e+04,1.009215684593220503e+05
2.214909220760749013e+05,3.349409123997382703e+05
6.148851083804458904e+04,2.297325496362690174e+05
1.075718764731981355e+05,2.419151714070955350e+05
1.096499557403194776e+05,5.346771054868722422e+04
2.984142757922422788e+03,-3.778609437018086464e+04
2.423846573375698354e+05,3.492140608074649354e+05
2.732060587094454240e+04,1.216521757709176745e+05
2.013327563374644524e+04,2.327990099603303242e+05
2.055291864589976612e+05,3.132768215970037854e+05
8.560804785836655356e+04,1.009215684593220503e+05
2.214909220760749013e+05,3.349409123997382703e+05
6.148851083804458904e+04,2.297325496362690174e+05
1.075718764731981355e+05,2.419151714070955350e+05
1.096499557403194776e+05,5.346771054868722422e+04
