-4.951595291652745800e+03,-3.586242460045414919e+04
8.397546147979752277e+04,-3.016333545296017837e+04
-1.723327343854834908e+02,-2.471776329376043577e+04
9.889596184185819584e+04,1.222986750061968633e+04
1.290848476958335086e+05,-1.237664681923539029e+05
1.927090693388931686e+05,-1.234749890839628642e+05
1.396231674218294793e+05,-6.489708850773607264e+04
1.173337189459139481e+05,-3.942369211478454235e+04
7.598192972279418609e+04,-3.013034997253697657e+04
1.156068672721672920e+05,-1.164584864796411130e+05
-4.951595291652745800e+03,-3.586242460045414919e+04
8.397546147979752277e+04,-3.016333545296017110e+04
-1.723327343854834908e+02,-2.471776329376044305e+04
9.889596184185821039e+04,1.222986750061968633e+04
1.290848476958335232e+05,-1.237664681923539320e+05
1.927090693388931686e+05,-1.234749890839628642e+05
1.396231674218295084e+05,-6.489708850773605809e+04
1.173337189459139481e+05,-3.942369211478454235e+04
7.598192972279418609e+04,-3.013034997253697657e+04
1.156068672721672629e+05,-1.164584864796411421e+05
